p_val	avg_logFC	pct.1	pct.2	p_val_adj
XIST	0	-2.67511205544374	0.076	0.708	0
MT-ATP6	0	-2.55106784576403	0.404	1	0
MT-CO3	0	-2.58115377808141	0.481	1	0
MT-CYB	0	-2.07008816580498	0.64	1	0
MT-ND1	2.2198385689066e-291	-1.89243567191229	0.58	1	5.97669336292412e-287
S100P	1.80362845791104e-278	2.38792177636767	0.97	0.694	4.85608926007968e-274
LYPD2	1.29920751600446e-246	2.43296440293745	0.959	0.704	3.4979863160904e-242
MT-ND4	1.31814719361909e-238	-1.55409752727842	0.625	0.994	3.54897950410003e-234
IFI27	1.12559794037525e-229	1.71869649483216	0.961	0.856	3.03055989466632e-225
MT-CO1	1.69709978174062e-225	-1.49255260842076	0.838	1	4.56927145235846e-221
MT-ND3	8.60527551639192e-217	-1.44682045339919	0.534	0.997	2.31688438003336e-212
MT-ND6	1.45346622392285e-214	-1.18531094869023	0.294	0.827	3.91331246128988e-210
RARRES3	2.3593149292155e-213	1.74329397509728	0.951	0.779	6.3522195154198e-209
MT-ND2	3.92164182373444e-211	-1.45636374395042	0.645	0.989	1.05586284462226e-206
SMIM22	1.23939095260798e-209	1.27839602463223	0.908	0.565	3.33693620080173e-205
LYNX1	3.46435189162849e-206	2.57901434015868	0.88	0.437	9.32742103302056e-202
IFITM1	1.67538730254055e-204	1.36365402953863	0.852	0.307	4.51081277336018e-200
TSIX	1.41449544253844e-202	-0.31130389449703	0.017	0.248	3.80838752949051e-198
FLNA	3.07532254205475e-202	-0.545114924543504	0.013	0.227	8.27999841222822e-198
MT-CO2	2.6382843621482e-200	-1.32181810881386	0.761	1	7.10331681664782e-196
CALML3	6.76470270904524e-194	-0.688383860657796	0.018	0.242	1.82132855738334e-189
PSCA	1.50043709563859e-192	1.95732037818773	0.968	0.763	4.03977683629735e-188
IGFBP7	1.57375568927017e-189	-0.460934607845982	0.028	0.286	4.237179817791e-185
KRT5	2.88734615427641e-186	-2.83054906392707	0.073	0.403	7.7738907857738e-182
C19orf33	7.28463913838493e-185	1.09934391571326	0.953	0.844	1.96131624161876e-180
TMSB10	1.29479556132977e-172	1.15620803804435	0.975	0.972	3.48610756932428e-168
FBP1	3.05102636068305e-172	1.06683493196745	0.902	0.455	8.21458337350304e-168
RPS4Y1	1.81757654329819e-170	0.866400881362845	0.794	0.124	4.89364308517605e-166
SEC61G	1.61135643469088e-169	1.12253355658531	0.937	0.739	4.33841606476172e-165
LCN2	3.77570789192155e-168	1.63618804544859	0.971	0.766	1.01657159282096e-163
IFITM3	8.38836186821889e-163	1.35567209886832	0.93	0.762	2.25848254939925e-158
AGR2	1.02033325804429e-162	2.11908918691167	0.971	0.915	2.74714526395846e-158
S100A4	1.30090737090785e-159	1.72412386963201	0.954	0.889	3.50256300543229e-155
S100A14	2.85349232601947e-159	1.07652696373492	0.961	0.839	7.68274273857483e-155
EIF1AY	1.5945951498128e-156	0.508574506247849	0.673	0.082	4.29328798135597e-152
PSMB10	6.69409915734043e-156	0.780594274536028	0.851	0.421	1.80231925712234e-151
TSPAN1	2.10288315905734e-155	1.10524685311214	0.971	0.928	5.66180261744599e-151
ALPL	3.0707740015567e-155	0.99722509516544	0.797	0.234	8.26775192179126e-151
GSTP1	9.88447463321566e-152	0.924637039858419	0.976	0.982	2.66129595024699e-147
ROMO1	1.69647628464901e-150	0.786795248918482	0.927	0.746	4.56759274878898e-146
LGALS3	2.44069636168814e-150	1.16343426615507	0.975	0.961	6.57133088420916e-146
IFI6	5.31307586425538e-150	1.71201452398469	0.842	0.369	1.43049254569212e-145
MUC5AC	2.9361203519303e-149	2.55627002933543	0.769	0.268	7.90521043553714e-145
ATP5E	3.78711227556452e-149	0.845736787472376	0.954	0.917	1.01964210907299e-144
PSME1	5.50158778808337e-149	0.827285509643306	0.95	0.83	1.48124749606357e-144
RP11-350J20.12	7.95214580047465e-149	0.983335262056691	0.747	0.224	2.14103573531979e-144
TUBB2A	1.79114657913206e-147	0.86369764708691	0.811	0.337	4.82248304965516e-143
CDC42EP5	4.85221912862958e-146	0.934032529460765	0.908	0.603	1.30641147819223e-141
VSIG2	4.13054099667631e-145	0.986823893099716	0.913	0.608	1.11210685794513e-140
LY6E	8.39849294534892e-145	0.957436522523507	0.966	0.892	2.26121024060574e-140
S100A13	1.24590671610394e-142	1.04327798959695	0.945	0.808	3.35447924243824e-138
VAMP8	1.60395405161348e-141	0.923127472274945	0.96	0.903	4.31848588856413e-137
DHRS9	3.16477290239797e-140	1.01417302415916	0.921	0.546	8.52083456241629e-136
COX17	3.76505632202608e-139	0.783119066693391	0.915	0.645	1.0137037641423e-134
SERF2	1.09810599770186e-138	0.739828108248035	0.963	0.966	2.95654058821249e-134
S100A6	1.84427756370849e-138	0.869013674646605	0.995	0.994	4.96553291252874e-134
CEACAM5	2.49394602083344e-135	1.16411793375686	0.926	0.483	6.71470026649196e-131
WFDC2	2.43779640419016e-134	1.00580335244683	0.991	0.985	6.56352303864159e-130
ATP5I	5.26867971509104e-134	0.744199764513709	0.951	0.868	1.41853932649111e-129
CLDN7	1.38095403369414e-133	0.71223662499378	0.979	0.944	3.71808064031811e-129
TP63	1.26273074228468e-128	-0.591388226884825	0.044	0.273	3.39977625052727e-124
ARPC3	3.1041461039544e-127	0.742686173417657	0.949	0.901	8.35760297028682e-123
TMEM258	3.16960076407298e-127	0.799271567647275	0.923	0.732	8.53383309719008e-123
ISG20	6.41030226529141e-127	0.80164721188642	0.804	0.344	1.72590978190706e-122
PLA2G10	1.60275446825318e-125	0.670705854563519	0.832	0.41	4.31525613032485e-121
TSPAN8	2.55880267645949e-124	1.16934031693405	0.759	0.313	6.88932032609954e-120
NDUFB1	6.34010781111671e-124	0.704090527350579	0.931	0.787	1.70701062706506e-119
POMP	7.11095476005326e-124	0.745578246212879	0.945	0.817	1.91455345959674e-119
CBR1	9.42517902733106e-124	0.847578252937072	0.908	0.669	2.53763520131861e-119
GNG5	2.17054196604332e-123	0.754855198856163	0.938	0.852	5.84396718937504e-119
STARD10	5.00220079911558e-123	0.695346057815424	0.941	0.72	1.34679254315388e-118
PPDPF	5.97963766943523e-122	0.788703596680593	0.967	0.968	1.60995764611874e-117
ATP12A	2.61947561660208e-121	1.11940323304104	0.674	0.203	7.05267615013945e-117
COX7A2	2.54368918808812e-120	0.827812111784646	0.941	0.899	6.84862877000846e-116
MIF	3.25999737161383e-120	0.815871448587793	0.892	0.725	8.77721692333307e-116
PI3	1.14501520427505e-118	1.15746682319868	0.933	0.639	3.08283893599015e-114
COX6A1	3.31911200180599e-118	0.719410411592905	0.956	0.897	8.93637715366245e-114
MSN	1.07220750753791e-116	-0.352397037858416	0.045	0.263	2.88681149329506e-112
BPIFB1	4.51331434220026e-116	2.07844721255148	0.836	0.528	1.215164753494e-111
MT-ND5	5.04440429328038e-115	-0.903159364323461	0.79	0.985	1.35815541192281e-110
LYPD6B	2.42516344165066e-114	0.618020546002092	0.868	0.517	6.52951005030023e-110
FAM3D	3.37073459851451e-114	0.837583696014865	0.964	0.839	9.07536583304046e-110
TXN	7.84304413660612e-114	1.00639921932475	0.963	0.956	2.11166120333983e-109
USMG5	2.70900284687996e-112	0.748178220030765	0.925	0.8	7.29371926493961e-108
PET100	4.45381201604707e-112	0.622310474417862	0.917	0.73	1.19914434720051e-107
SLIRP	3.19358330756475e-111	0.63197353952745	0.916	0.746	8.59840369728732e-107
NDUFA13	1.17328688805894e-110	0.671380462925535	0.919	0.763	3.15895761740988e-106
ZG16B	6.13643079631493e-110	0.870357195240992	0.851	0.476	1.65217262759983e-105
C19orf10	7.03621627390717e-110	0.749374594121808	0.888	0.613	1.89443086958677e-105
HLA-C	8.54812903364189e-110	0.767235021237966	0.981	0.97	2.30149826101774e-105
PSME2	1.18308554398321e-109	0.885637005028671	0.93	0.817	3.1853395186204e-105
UQCR10	7.96139472046516e-107	0.684760375498754	0.933	0.834	2.14352591453804e-102
DST	8.50846675571156e-107	-1.91406693198783	0.326	0.603	2.29081958930778e-102
PSMB9	1.58536525355504e-106	0.87027363513681	0.875	0.63	4.2684374086716e-102
DSTN	1.74071485346086e-106	0.616880079796064	0.969	0.907	4.68670067145802e-102
CXCL17	1.89222615155371e-106	0.806124091417649	0.972	0.918	5.09462969044321e-102
COX16	1.20532131802867e-105	0.592604605895379	0.915	0.738	3.2452071166604e-101
JTB	5.96318556035172e-105	0.640255083776125	0.921	0.775	1.6055280802691e-100
MRPL33	1.30931203694599e-104	0.571038746811297	0.908	0.669	3.52519172827339e-100
CYBA	2.00825685389545e-104	0.761759622651323	0.937	0.903	5.4070307534281e-100
LY6D	8.29392140797716e-104	1.6965007355468	0.802	0.49	2.23305539988377e-99
KRTCAP2	1.32449958554674e-103	0.612110027022388	0.914	0.708	3.56608268412603e-99
CLCA2	3.55831830491051e-103	-0.594244126455825	0.058	0.279	9.58041620414107e-99
SMIM14	4.95000444526396e-103	0.69092865125399	0.927	0.737	1.33273919684287e-98
UQCR11.1	1.04070877650862e-102	0.713483401247675	0.904	0.813	2.8020043098718e-98
CEACAM6	1.13840632359415e-102	0.885872600691337	0.847	0.413	3.0650451856449e-98
GSTK1	4.78934097544745e-102	0.65730647442454	0.955	0.896	1.28948216422947e-97
SEC61B	6.05558332038948e-102	0.726323794733857	0.936	0.845	1.63040525318166e-97
DSP	2.01716431319609e-101	-1.09688306747417	0.885	0.928	5.43101319684914e-97
DEFB1	2.77291724740368e-101	0.719285457498076	0.726	0.272	7.46580239690966e-97
SLC9A3R2	6.66976676546768e-101	0.675989330772244	0.871	0.544	1.79576800393452e-96
COX6C	9.89845052491211e-101	0.601479864409815	0.963	0.941	2.66505881932734e-96
TMSB4X	2.78090483578718e-100	0.832461318659462	0.969	0.969	7.4873081798734e-96
MDK	3.99519362557259e-100	0.849426548302084	0.961	0.868	1.07566593174916e-95
LAMTOR5	4.24556123099601e-100	0.68551339036703	0.94	0.834	1.14307490583337e-95
ANG	8.55081314658395e-100	0.492710289955871	0.606	0.156	2.30222093158626e-95
RPS29	1.23410449653972e-99	0.751722788627883	0.959	0.949	3.32270294648354e-95
SCGB2A1	1.682508009095e-99	0.67446352114331	0.729	0.303	4.52998456368737e-95
OAS1	1.79678917435972e-99	0.770567313886993	0.878	0.508	4.83767517304612e-95
TRIM16	3.30374824399803e-99	0.532444877134814	0.788	0.39	8.89501177214031e-95
GCNT3	1.84107546117706e-98	0.476502946991542	0.607	0.146	4.95691157167313e-94
TCEB2	1.02141486080897e-97	0.655454409879312	0.935	0.907	2.75005737124207e-93
CRYM	1.48766188975715e-97	0.681676100196222	0.794	0.368	4.00538087198215e-93
BPIFA2	1.55254007998532e-97	0.608215204582028	0.624	0.175	4.18005891135249e-93
BST2	2.1538046688398e-97	0.759878050786387	0.885	0.624	5.79890369038428e-93
C15orf48	3.76344426629685e-97	1.40066056193682	0.813	0.423	1.01326973425776e-92
PDZK1IP1	4.74013394738721e-97	0.856643927319621	0.78	0.366	1.27623366399453e-92
CAPS	1.02108476099795e-96	-0.493090511346951	0.156	0.452	2.74916861051089e-92
PGD	4.13710843520578e-96	0.658126389378231	0.894	0.652	1.1138750750948e-91
B2M	7.69328507207341e-96	0.601962006591584	0.996	0.997	2.07134007280505e-91
VAMP5	8.66593975039764e-96	0.859146901640732	0.756	0.366	2.33321761839706e-91
XBP1	5.89933392347806e-95	0.804434405417139	0.97	0.89	1.58833666555723e-90
TSPAN13	5.96025883965e-95	0.642719951865552	0.933	0.751	1.60474008998737e-90
PRDX1	6.69996854269587e-95	0.735092551316371	0.984	0.977	1.80389953043544e-90
APLP2	1.36184967411856e-94	-0.626880128177832	0.951	0.948	3.6666440625968e-90
NSA2	4.24012401076748e-94	0.576400538856814	0.922	0.746	1.14161098865904e-89
ZFP36L1	5.20262056693174e-94	-0.993205668583178	0.924	0.927	1.4007535614407e-89
CXCL6	7.21546828632496e-94	1.14427463369341	0.602	0.17	1.94269268141013e-89
NDUFA3	1.32357812828716e-93	0.587115017523042	0.886	0.658	3.56360175260034e-89
BLOC1S1	1.54881864930902e-93	0.578512667667932	0.903	0.746	4.17003933139961e-89
TMEM160	2.83425718923386e-93	0.651956798446044	0.9	0.7	7.63095405629325e-89
GNPNAT1	2.89084439897815e-93	0.583195656914385	0.797	0.432	7.78330945980878e-89
UCP2	1.02533567598891e-92	0.502963936785515	0.72	0.289	2.76061377403255e-88
TFF1	2.11769724044894e-92	1.06890715193915	0.537	0.103	5.70168805018474e-88
PDE4C	5.20588560309972e-92	0.402316576634588	0.571	0.142	1.40163263977857e-87
HLA-B	1.41648157898843e-91	0.61930012667408	0.989	0.98	3.81373500326846e-87
MRPL14	2.21187344646203e-91	0.519607216152216	0.902	0.682	5.95524806725437e-87
EFHD2	3.71595481603858e-91	0.65885986234706	0.934	0.797	1.00048367467023e-86
TNC	5.76244146466728e-91	-0.593856700595597	0.069	0.29	1.55147973994702e-86
TMEM125	8.08755941760999e-91	0.388934770054336	0.722	0.279	2.17749449759731e-86
SNRPG	9.71805373695455e-91	0.586262945777353	0.908	0.763	2.61648878813764e-86
TFF3	1.66240030875905e-90	2.58029010289125	0.554	0.161	4.47584659130287e-86
RP11-1143G9.4	1.78955490882465e-90	0.331000226618197	0.458	0.045	4.81819763651949e-86
DYNLL1	2.38773375668018e-90	0.782253701140472	0.91	0.832	6.42873436648571e-86
LMTK3	2.69910712384637e-89	0.475850641366647	0.638	0.204	7.26707602024397e-85
MYL12B	3.14403134267627e-89	0.567674720524491	0.965	0.946	8.46498998702158e-85
AC110619.2	7.64275244553712e-89	0.350859012556377	0.503	0.086	2.05773466843641e-84
ATOX1	2.02985479408299e-88	0.583182623671183	0.91	0.701	5.46518104758904e-84
GLIPR2	3.86067594865249e-88	0.45219450649	0.745	0.334	1.0394483924152e-83
NANS	4.86492760262663e-88	0.576891222213237	0.907	0.677	1.30983310773119e-83
KCNE3	7.68408900942796e-88	0.599803973886997	0.821	0.418	2.06886412489838e-83
RAB37	1.48786696361506e-87	0.481406445532158	0.758	0.311	4.0059330128372e-83
ATP1A1	1.70115066930882e-87	-0.620949097063449	0.961	0.961	4.58017806204707e-83
S100A16	2.08766579542359e-87	0.692553095772899	0.941	0.842	5.62083138759847e-83
ATP6V1G1	3.09313623493292e-87	0.552893573628059	0.967	0.907	8.3279599989334e-83
MUC1	4.66644068304876e-87	0.710303516426447	0.981	0.925	1.25639248950405e-82
IER3IP1.1	6.63976130098376e-87	0.465758816106907	0.851	0.549	1.78768933267687e-82
C11orf31	1.08001907968106e-86	0.491277676941063	0.916	0.734	2.90784337013327e-82
RND3	1.459575554449e-86	0.647836400594962	0.901	0.608	3.92976122279849e-82
LINC00969	2.38833327905834e-86	-0.836801024637664	0.841	0.841	6.43034852053668e-82
SAT1	5.5354652770013e-86	0.647406932853219	0.999	0.98	1.49036867117983e-81
PSMB8	1.38254168253107e-85	0.633853919930061	0.922	0.817	3.72235522604664e-81
CXCL1	1.52434049053161e-85	1.82713992146459	0.615	0.221	4.10413433670731e-81
ATP1B3	3.08438410081298e-85	-1.02732276428393	0.876	0.903	8.30439575302887e-81
SELENBP1	5.74536308571007e-85	0.611885649870939	0.925	0.745	1.54688155719658e-80
MRPL52	6.27912067120941e-85	0.513726975694245	0.888	0.692	1.69059044951642e-80
GSN	1.5736189141273e-84	0.575804258787305	0.971	0.894	4.23681156439634e-80
MX1	1.78853033403553e-84	0.68285677519237	0.912	0.627	4.81543907135726e-80
GUK1	6.5991476140517e-84	0.557927534178139	0.928	0.852	1.77675450360728e-79
HLA-F	1.16910420034319e-83	0.559705696802624	0.923	0.689	3.147696149004e-79
POLR2L	1.21018718940208e-83	0.635592403748726	0.927	0.87	3.25830798874617e-79
MESP1	1.49596423174899e-83	0.624129774140321	0.776	0.423	4.02773409756097e-79
SCPEP1	1.68476025985814e-83	-0.895452711048235	0.737	0.803	4.53604852364206e-79
AZGP1	3.52840331066306e-83	0.458036009115859	0.673	0.218	9.49987307362922e-79
UQCRQ	3.99662364011371e-83	0.512770406107409	0.939	0.882	1.07605094886421e-78
HLA-DRB5	6.83635506271076e-83	0.705896525792462	0.789	0.376	1.84062023708424e-78
HEBP2	8.69651636274021e-83	0.535614676522189	0.968	0.903	2.34145006550418e-78
DNAJC15	1.69865296870586e-82	0.556120671341437	0.89	0.694	4.57345325294367e-78
VGLL1	1.95241626212521e-82	0.373194203638958	0.539	0.125	5.25668554414591e-78
RNF181	2.90073768353045e-82	0.495718692950859	0.872	0.62	7.80994613913738e-78
ERLEC1	3.1526108535786e-82	0.587474888336483	0.883	0.638	8.48808946217502e-78
BCAT1	7.94976932193149e-82	0.647223809522959	0.471	0.075	2.14039589223684e-77
AMN	8.21553438565839e-82	0.313490542440632	0.682	0.244	2.21195047799466e-77
APOD	2.55884352675961e-81	0.490022343583102	0.622	0.201	6.88943031144758e-77
C14orf2	3.73888887463564e-81	0.553058081955405	0.934	0.837	1.0066584406069e-76
MTRNR2L1	4.55258132046481e-81	0.600682514220356	0.49	0.096	1.22573699472194e-76
BIK	6.14762807073941e-81	0.432095541800721	0.778	0.372	1.65518738176588e-76
SLPI	1.06690199344579e-80	0.504592230652022	0.985	0.985	2.87252692715344e-76
TXNDC17	1.55859234104496e-80	0.501242204140349	0.916	0.749	4.19635401902945e-76
FAM83A	1.66859871570503e-80	0.312846099998245	0.569	0.141	4.49253518216423e-76
CLTA	1.89575886630634e-80	0.493685100606768	0.934	0.82	5.10414117164318e-76
RPL41	2.4194835438184e-80	0.66580929170238	0.98	0.992	6.51421749337666e-76
ST6GALNAC1	8.73695762689854e-80	0.542335862255247	0.924	0.718	2.35233847146616e-75
DYNLT1	9.60886787824881e-80	0.576699985873652	0.907	0.793	2.58709158753971e-75
VDAC1	1.14928359401111e-79	0.534039066737932	0.944	0.815	3.09433114851552e-75
PRDX4	1.34376879130545e-78	0.512964786476213	0.822	0.511	3.6179630937108e-74
ASRGL1	1.56565577509199e-78	0.570233343630197	0.929	0.72	4.21537160885768e-74
NDUFV2	1.69167397221793e-78	0.565197984851228	0.927	0.859	4.55466300279955e-74
NR2F6	3.15464108667562e-78	0.472743220802784	0.897	0.663	8.49355566176543e-74
EIF2S2	4.91625724811748e-78	0.486354921033195	0.926	0.769	1.32365310148315e-73
NDUFB4	7.13745773428415e-78	0.536316069614526	0.927	0.832	1.92168912037867e-73
CST3	7.60176474738387e-78	0.571561543150243	0.951	0.961	2.04669914058563e-73
FXYD3	1.73734398653925e-77	0.50531831926411	0.976	0.965	4.67762494935828e-73
U47924.27	2.21200428916113e-77	0.358836121894613	0.683	0.282	5.95560034813743e-73
TALDO1	2.87690151465204e-77	0.56543079590015	0.935	0.835	7.74576963804915e-73
TMEM220	2.99759676870383e-77	0.293433717630099	0.571	0.163	8.07072954005818e-73
HM13	6.54053707090611e-77	0.537893525046077	0.889	0.668	1.76097420097076e-72
CHMP5	8.83764847336118e-77	0.46212084904644	0.882	0.663	2.37944847496777e-72
FIS1	1.40208537324832e-76	0.409322397600084	0.879	0.611	3.77497465893377e-72
RNASET2	3.04315532576266e-76	0.450656122193621	0.843	0.525	8.19339139908337e-72
NPDC1	1.36348643584272e-75	0.340809263600189	0.632	0.215	3.67105087986295e-71
KDELR1	2.13404719831352e-75	0.45277028459238	0.939	0.821	5.74570867673931e-71
ATP5J2	4.56754068972749e-75	0.522190823676561	0.92	0.818	1.22976465530223e-70
RABAC1	2.52977883697715e-74	0.557494496691733	0.896	0.707	6.81117654067727e-70
MYH9	2.72124386429257e-74	-0.723597096308442	0.779	0.837	7.3266769802213e-70
REEP3	4.22289111390153e-74	0.471551732265978	0.908	0.687	1.13697120350685e-69
RP11-345J4.5	4.75993295907367e-74	0.275097832799871	0.611	0.206	1.28156434990099e-69
LSMD1	4.99448370761104e-74	0.523722432888544	0.878	0.683	1.3447147934372e-69
EPSTI1	5.82129682250148e-74	0.401374016841544	0.699	0.289	1.5673259564903e-69
PPIB	1.04599839079408e-73	0.577104387294463	0.953	0.875	2.81624606737398e-69
CD63	1.29026768243972e-73	0.44989596861985	0.978	0.97	3.4739167082007e-69
LYZ	1.31579842267799e-73	0.332110191223467	0.694	0.323	3.54265567321822e-69
NDUFA7.1	1.66667696192228e-73	0.311660159932427	0.694	0.293	4.48736105227955e-69
OSTC	1.99441783369582e-73	0.576180469663714	0.87	0.642	5.36977057544262e-69
TM4SF1	3.78768987691775e-73	0.866649918823743	0.825	0.507	1.01979762246133e-68
GALE	6.95932250213798e-73	0.464886974676527	0.829	0.501	1.87372799047563e-68
IVNS1ABP	7.44981124305881e-73	-0.729625830608317	0.668	0.748	2.00578717908115e-68
UBE2L6	7.9034862256764e-73	0.419883972809931	0.759	0.373	2.12793463140111e-68
SPARCL1	1.10115897661291e-72	-0.979271778897611	0.263	0.517	2.9647604286326e-68
CSTB	1.2883878779612e-72	0.638276895073407	0.97	0.956	3.46885552262274e-68
HLA-A	1.39546059277154e-72	0.525963529918249	0.987	0.969	3.75713809997808e-68
GTF3C6	1.47191333859955e-72	0.409219837753386	0.87	0.645	3.96297947284542e-68
CHCHD2	1.69438566273143e-72	0.565647879259707	0.936	0.889	4.56196395833811e-68
SHFM1	2.43731650535766e-72	0.449456820042849	0.946	0.858	6.56223095902497e-68
GLRX	5.41334765929093e-72	0.689615272212848	0.843	0.576	1.45748972378749e-67
SLC6A14	8.47982580124796e-72	0.579924835662079	0.903	0.592	2.283108298728e-67
COX5A	1.06973858926476e-71	0.540030915218508	0.933	0.785	2.88016417773643e-67
HSPA1A	1.2320764141961e-71	-1.59207079765193	0.849	0.866	3.31724253758157e-67
ALDH3B1	1.56005021783601e-71	0.440412419154506	0.774	0.387	4.20027920650167e-67
RAB25	1.5813029456308e-71	0.503014833095008	0.906	0.721	4.25750005081636e-67
ERAP2	1.75762814681306e-71	-0.636821605831526	0.364	0.58	4.73223802247948e-67
IDO1	2.47548377821839e-71	0.722600710385183	0.793	0.389	6.6649925244752e-67
MT-ND4L	3.82195787564896e-71	-0.56881479263885	0.719	0.934	1.02902393843973e-66
PSMA2.1	5.54998471859544e-71	0.448294915772908	0.845	0.563	1.49427788563464e-66
SMIM4	6.1491697944132e-71	0.371790920283094	0.808	0.449	1.65560247544781e-66
AKR1A1	9.4784436045773e-71	0.524284506144651	0.948	0.854	2.55197615609639e-66
HLA-DMA	1.07449562381701e-70	0.531266195077584	0.803	0.463	2.89297201756492e-66
MTRNR2L8	2.21128283412121e-70	-2.62788934727312	0.683	0.799	5.95365790258794e-66
CHP1	3.40534896964232e-70	0.425749129260657	0.883	0.62	9.16856156586499e-66
PLAT	9.66509965456233e-70	-0.601971162882875	0.072	0.261	2.60223143099436e-65
UQCRFS1	1.6676769971162e-69	0.385314416667398	0.87	0.601	4.49005354703565e-65
CFB	2.23496661163522e-69	0.540148538063659	0.816	0.397	6.01742410516666e-65
FAM114A1	2.35813730801087e-69	0.429549942444707	0.864	0.575	6.34904888808846e-65
TBCA	4.66585387714688e-69	0.449224571102761	0.909	0.731	1.25623449788303e-64
MCTS1	8.59598267988804e-69	0.356618648529627	0.756	0.389	2.31438237673306e-64
PSMB5	1.00559524716556e-68	0.424322416385723	0.854	0.58	2.70746464346856e-64
CLTB	1.06079238607819e-68	0.452332628242584	0.899	0.687	2.85607742027693e-64
SMIM5	1.50368077899395e-68	0.332535089225174	0.507	0.131	4.04851012936331e-64
SCAND1	2.23252667942197e-68	0.424951216130293	0.898	0.72	6.01085483167572e-64
SAA1	2.51593416692432e-68	1.71154963560526	0.627	0.286	6.77390115102705e-64
PHLDA2	3.56578353812236e-68	0.508148463234075	0.721	0.352	9.60051559804064e-64
HPGD	3.70332445320294e-68	0.639649257180834	0.795	0.446	9.9708307578036e-64
SSR4	4.57971713921331e-68	0.528225413610352	0.935	0.873	1.23304304256179e-63
CHPT1	4.79145703725143e-68	0.470545588722416	0.867	0.57	1.29005189270958e-63
BCAS1	9.02122976567819e-68	0.47384614993491	0.841	0.503	2.42887590211119e-63
NPPC	9.42140691139222e-68	-0.252870909307466	0.011	0.107	2.53661959682324e-63
RAMP1	2.6590109414525e-67	0.606314596198597	0.385	0.049	7.15912105876672e-63
SERPINB10	3.14290121135642e-67	0.37276956400599	0.398	0.059	8.46194722145604e-63
CMAS	5.00879976441933e-67	0.396763986257705	0.847	0.568	1.34856924857226e-62
SDCBP2	1.02080554776022e-66	0.471585738811743	0.832	0.552	2.74841685678962e-62
FGGY	1.09785175704982e-66	0.347865628451574	0.693	0.31	2.95585607068092e-62
CLDN10	1.56779974321823e-66	0.578671592922607	0.535	0.18	4.22114402864076e-62
SLC44A4	2.71161619223493e-66	0.471837233278509	0.926	0.649	7.30075543597332e-62
MRPS18C	3.71322124381296e-66	0.404517457360501	0.847	0.587	9.99747687684201e-62
CRB3	5.03439840482864e-66	0.276145299414821	0.65	0.266	1.35546142651606e-61
GNAI1	6.88608232311855e-66	0.407781468858658	0.804	0.469	1.85400880467644e-61
GOLM1	9.01705008041108e-66	0.535066083690389	0.939	0.734	2.42775056364988e-61
TGM2	1.39653125268253e-65	0.451233805052807	0.784	0.377	3.76002074472244e-61
NSG1	1.58297648147376e-65	-0.269519121364512	0.051	0.213	4.26200587871995e-61
TMBIM4.1	1.96013647137574e-65	0.402033341173788	0.931	0.815	5.27747143553204e-61
NDUFA6	2.65708949680761e-65	0.460299534305687	0.879	0.648	7.15394776120481e-61
RPS10	3.09899487507789e-65	0.601320336601813	0.903	0.851	8.34373380165972e-61
KRT7	3.84522161674758e-65	0.65836206712858	0.974	0.917	1.03528746809312e-60
TMEM54	3.94165060182453e-65	0.386310241697035	0.86	0.582	1.06125000803524e-60
S100A11	6.58908659073188e-65	0.470305895336972	0.974	0.99	1.77404567368865e-60
ZNHIT1	8.16213082219372e-65	0.398565949807291	0.894	0.701	2.19757210256744e-60
TIMM10	8.24018651397466e-65	0.327811398465536	0.763	0.386	2.21858781702254e-60
SCEL	1.05452098643052e-64	0.347509843567574	0.585	0.193	2.83919230386554e-60
CLIC3	1.47645220201718e-64	0.447670450208021	0.514	0.152	3.97519990871105e-60
PTPRF	1.47707967398807e-64	-0.632456146409019	0.795	0.813	3.97688931424547e-60
FCGBP	2.16555872458928e-64	0.959570303817484	0.583	0.218	5.83055031008419e-60
PTS	2.33302811395091e-64	0.34531494056469	0.802	0.479	6.28144489400143e-60
CITED4	2.69450077100343e-64	0.335661100718796	0.72	0.344	7.25467387584962e-60
FKBP11	4.01029823540639e-64	0.445171269651126	0.675	0.327	1.07973269690082e-59
WFDC3	4.38137535409389e-64	0.256140872907125	0.431	0.087	1.17964150033624e-59
OST4	4.89879828387439e-64	0.529781232102853	0.915	0.824	1.31895244995034e-59
NKTR	4.98271740782895e-64	-0.655220453839026	0.848	0.851	1.34154683488387e-59
EPAS1	6.5385714912458e-64	-0.727574557388984	0.938	0.97	1.76044498830302e-59
RPL36AL	6.56293988056304e-64	0.480064282369842	0.937	0.907	1.76700593344279e-59
CLIC1	6.91709707021565e-64	0.512438551610793	0.955	0.921	1.86235921518486e-59
HIGD1A	1.13508925375707e-63	0.357164947102146	0.798	0.459	3.05611430681553e-59
SPCS1	1.48301647782421e-63	0.43635716017065	0.919	0.821	3.99287356489391e-59
COX7C	1.53920329978403e-63	0.450842166375602	0.959	0.934	4.14415096433851e-59
ATPIF1	1.8466628929934e-63	0.44458722733447	0.935	0.855	4.97195517309542e-59
CYP2F1	2.22994772600291e-63	0.603133081081531	0.898	0.587	6.00391125749024e-59
TCEB1	2.44123321572477e-63	0.42212361553824	0.866	0.628	6.57277631001737e-59
STX10	2.51371447929532e-63	0.317309976111325	0.775	0.424	6.76792486405473e-59
PSMA7	2.98597544261371e-63	0.477861565513009	0.925	0.81	8.03944028169314e-59
ABRACL	3.24110054476575e-63	0.39247498968414	0.864	0.618	8.7263391067273e-59
COX14	3.32302934811172e-63	0.44165383438584	0.889	0.689	8.946924216856e-59
ATP5L	4.75652987282297e-63	0.454758221478342	0.942	0.882	1.28064810295886e-58
FUT3	4.82414786004806e-63	0.386642944187288	0.812	0.451	1.29885356983934e-58
NDUFC1	9.60896894258303e-63	0.409303809465177	0.928	0.789	2.58711879810106e-58
SLC35D2	1.16262085023468e-62	0.327057772712523	0.73	0.382	3.13024037717185e-58
PSMB6	1.21032627521596e-62	0.416129859926592	0.894	0.7	3.25868246339144e-58
CBR3	1.5211141556631e-62	0.42902052992622	0.572	0.211	4.09544775270734e-58
YIF1A	1.83788137185571e-62	0.382911842395412	0.822	0.513	4.94831180558432e-58
GGCT	2.01815954423792e-62	0.282248382545567	0.773	0.399	5.43369275690618e-58
ITGA6	2.29654448123451e-62	-0.735411384113115	0.238	0.465	6.1832163612758e-58
NOP10	2.73621379693425e-62	0.430591644468489	0.848	0.604	7.36698202686579e-58
DAD1	3.69084497817813e-62	0.461573602009546	0.903	0.737	9.93723101924679e-58
NDUFA1	6.58127601386769e-62	0.391485008793479	0.944	0.875	1.77194275397374e-57
PLAC8	8.15414600323736e-62	0.617236498737182	0.936	0.8	2.19542226991163e-57
TSTA3	1.1814475741202e-61	0.427923711496424	0.844	0.569	3.18092944856122e-57
C8orf59	1.2937442634672e-61	0.39614394451668	0.891	0.707	3.48327705495908e-57
ADI1	1.29441139089031e-61	0.466672324963784	0.896	0.694	3.48507322883308e-57
ALDOA	2.39699857059718e-61	0.513605835754067	0.966	0.944	6.45367895147585e-57
ATP6V1F	2.75988028980628e-61	0.45714344253715	0.853	0.694	7.43070169227444e-57
HLA-DRB1	3.00688321267958e-61	0.78058657773568	0.875	0.625	8.09573236181851e-57
COPE	3.74707865915854e-61	0.462354925263687	0.907	0.786	1.00886345819184e-56
KRT4	3.74951530656574e-61	0.92061940538323	0.766	0.456	1.00951950113976e-56
PDLIM2	4.29186932573882e-61	0.26138462595824	0.554	0.189	1.15554289726192e-56
IGFBP2	8.16291098025059e-61	-0.838088811497779	0.376	0.575	2.19778215232267e-56
KDELR2	8.75450749861083e-61	0.439825807750012	0.907	0.738	2.35706359892598e-56
CXCL3	1.61928485826261e-60	0.906762745507416	0.399	0.076	4.35976255238625e-56
DEGS2	2.07367820791129e-60	0.41745835201459	0.791	0.456	5.58317120698036e-56
NMB	2.15366651605768e-60	0.308019298410688	0.6	0.239	5.7985317278337e-56
TCEAL8	3.18285376513418e-60	0.325486153795544	0.766	0.434	8.56951547724726e-56
FAT2	4.45686816581807e-60	-0.611323454577571	0.168	0.375	1.19996718496486e-55
PAQR4	4.92406363615194e-60	0.32803506066965	0.493	0.151	1.32575489339755e-55
RGCC	5.92800131435563e-60	0.327007149893138	0.555	0.189	1.59605507387711e-55
PPM1K	6.03588770774708e-60	0.355704970378576	0.743	0.369	1.62510240643383e-55
KLF4	8.04839696639887e-60	0.421729828885822	0.823	0.461	2.16695039923323e-55
MRPL20	8.19811272309811e-60	0.382151304458271	0.916	0.763	2.20725986956693e-55
MGAM	1.06991231369481e-59	0.29320670834587	0.482	0.128	2.8806319133919e-55
TRNP1	1.20041072153593e-59	0.253079992465449	0.532	0.165	3.23198582666333e-55
ATP5C1	1.55959038925008e-59	0.40290106580692	0.914	0.731	4.19904116401692e-55
EIF6	1.68171832459346e-59	0.418530420407627	0.88	0.685	4.52785841713542e-55
FDX1	7.10043383626303e-59	0.386153550270299	0.852	0.62	1.91172080607546e-54
NDUFAB1	7.88919805658283e-59	0.39029595121578	0.879	0.648	2.12408768475436e-54
MACC1	1.20399995045349e-58	0.45614872354118	0.888	0.589	3.24164946660099e-54
ABLIM1	1.37921842945929e-58	0.493043644466743	0.933	0.734	3.7134076994762e-54
CCL28	1.65343602954784e-58	0.268650841663515	0.65	0.286	4.45171116595461e-54
KLK11	2.16030382279286e-58	0.509454775356243	0.726	0.363	5.81640201248748e-54
ARF4	2.24126878976284e-58	0.448043202495872	0.896	0.703	6.03439208955748e-54
CRIP1	2.61373603268185e-58	0.474346023381081	0.507	0.182	7.03722289439263e-54
SRP14	2.90188540311079e-58	0.331061674711298	0.959	0.938	7.81303625933548e-54
HES4	3.08139881033027e-58	0.4952465122328	0.718	0.366	8.29635815693321e-54
CISD2	3.08548924490975e-58	0.266552017618905	0.695	0.342	8.30737124299501e-54
CTSS	3.57162840429558e-58	0.45943770024296	0.917	0.71	9.61625231572541e-54
FUT6	4.60138025331893e-58	0.341691191670553	0.781	0.417	1.23887561940359e-53
TRIM31	7.07725751594005e-58	0.490367671771311	0.535	0.186	1.9054808135917e-53
WBP5	1.05461190677721e-57	0.310159955165043	0.699	0.339	2.83943709780696e-53
BCAM	2.0495741603231e-57	-0.741647844975759	0.213	0.421	5.51827346925391e-53
RPS27L	2.23045419630318e-57	0.503603169457807	0.876	0.652	6.00527487812668e-53
MANF	2.42409583646153e-57	0.412754543821766	0.796	0.5	6.52663563008903e-53
SAA2	2.49884570923468e-57	1.08211171105833	0.579	0.254	6.72789218754344e-53
TYMP	3.0173660795169e-57	0.61847399106666	0.879	0.679	8.1239564324913e-53
NQO1	3.33543384759671e-57	0.746979061777928	0.866	0.658	8.98032209126938e-53
NET1	3.50122027510139e-57	-0.660941733212926	0.792	0.821	9.42668546868297e-53
CYB5A	5.31080519831795e-57	0.632857290817584	0.93	0.786	1.42988119159513e-52
ANXA1	1.06257763883057e-56	0.695970347203295	0.975	0.975	2.86088403478743e-52
IFI44L	1.31927593548343e-56	0.379916157703316	0.702	0.32	3.5520185286956e-52
CISD1	1.65729327192685e-56	0.309007619131232	0.815	0.496	4.46209640533584e-52
MRPL36	1.86257618048005e-56	0.253311443341463	0.736	0.4	5.0148001083245e-52
DEFB4A	4.22186264840718e-56	0.635177290414132	0.372	0.066	1.13669429945715e-51
C20orf24	5.22771481635442e-56	0.41651259281366	0.862	0.661	1.40750993715526e-51
RPS26	6.87748566245059e-56	0.550536926708598	0.957	0.938	1.8516942397582e-51
TMEM59	1.23627313662956e-55	0.439187456934111	0.966	0.934	3.32854179306143e-51
MRPL17	2.49266230930144e-55	0.253152562530667	0.757	0.425	6.71124400156321e-51
HSBP1	3.04792324601326e-55	0.410727232328876	0.918	0.82	8.2062285475661e-51
VTI1B	3.26641866259953e-55	0.317091589326029	0.799	0.469	8.79450560718298e-51
FRG1	3.29156579197568e-55	0.252918728059125	0.756	0.408	8.86221173831533e-51
BAX	3.43656435209e-55	0.261271245881565	0.747	0.382	9.25260586156712e-51
COX7B	6.90575054174536e-55	0.451296873906168	0.941	0.873	1.85930427585952e-50
MYEOV2	7.13292884123182e-55	0.374768404793773	0.871	0.663	1.92046976121325e-50
GPX1	8.13656080530275e-55	0.599643405927671	0.918	0.91	2.19068763121971e-50
MGST1	1.16399322607964e-54	0.487295066418292	0.958	0.877	3.13393536189682e-50
PSMB1	1.5333330558234e-54	0.400047503827033	0.933	0.845	4.12834591949892e-50
HIGD2A	1.70270560317993e-54	0.409726029730349	0.872	0.682	4.58436456600165e-50
VMO1	1.83993002249027e-54	0.532854801080639	0.948	0.893	4.95382759255281e-50
GDPD3	2.3988447579943e-54	0.340078037613296	0.646	0.286	6.45864962642386e-50
SDF2L1	2.7051979893904e-54	0.362405825944671	0.769	0.448	7.28347506663471e-50
SMAGP	5.40177745827396e-54	0.34266854970659	0.794	0.504	1.45437456286568e-49
PSMB2	5.62012573030631e-54	0.348982329975903	0.873	0.639	1.51316265162767e-49
LINC00493	6.31626772281995e-54	0.363638120561004	0.88	0.663	1.70059192169204e-49
MISP	6.38450904093852e-54	0.311824194171829	0.769	0.413	1.71896521418229e-49
TSPO	6.47917190457926e-54	0.462847904033384	0.928	0.845	1.74445224358892e-49
PSMC3	7.50008705565132e-54	0.362342211966231	0.857	0.604	2.01932343886356e-49
C16orf13	7.56178845955538e-54	0.251098934638774	0.732	0.379	2.03593592485069e-49
C12orf23	1.19426511604074e-53	0.289488784670316	0.667	0.327	3.21543939842809e-49
LINC00116	1.2654079280475e-53	0.299235221556541	0.777	0.444	3.4069843054751e-49
FUS	1.2914782474604e-53	-0.549534477274161	0.909	0.866	3.47717603346238e-49
CBX6	1.31482645228395e-53	0.28690255151712	0.72	0.361	3.54003874012932e-49
RNASE1	1.80894270768631e-53	0.580516955834956	0.37	0.073	4.87039734617463e-49
PIGR	2.78066015275593e-53	0.477453984151574	0.97	0.7	7.48664939528006e-49
MAL2	3.01536467634722e-53	0.41650027987197	0.944	0.8	8.11856785459726e-49
HINT1	3.15626835054062e-53	0.463389554672057	0.943	0.893	8.49793690699557e-49
PNISR	3.34244559747873e-53	-0.589700041742876	0.902	0.855	8.99920052665172e-49
RARRES1	3.49820744449901e-53	0.821274048213834	0.825	0.5	9.41857372356915e-49
NDUFA11	3.91779801140705e-53	0.389968979178132	0.899	0.751	1.05482793659123e-48
TIMM13	6.59645523769639e-53	0.330264712546049	0.865	0.617	1.77602960819738e-48
SEP15	8.07626081887107e-53	0.342707109889016	0.882	0.677	2.17445246287285e-48
SLC31A1	1.12785403059662e-52	0.458002866847615	0.921	0.718	3.03663419197834e-48
GIPC1	1.46738792515198e-52	0.353389465561464	0.86	0.621	3.9507952496792e-48
POLR2K	1.8749442699387e-52	0.355061134138886	0.858	0.631	5.04809995238295e-48
UNC5B-AS1	2.15452292687826e-52	0.372518683537544	0.701	0.355	5.80083752832703e-48
BID	2.24805325499294e-52	0.26560658443677	0.719	0.372	6.052658583743e-48
MPC2	2.41226504368411e-52	0.356936920310515	0.855	0.61	6.49478240361509e-48
ME1	3.05080669907014e-52	0.281518262724353	0.638	0.28	8.21399195657645e-48
ASS1	3.18478059858598e-52	0.569868896832478	0.948	0.842	8.57470328363288e-48
PSMA5	4.27838340123145e-52	0.323454045900729	0.867	0.662	1.15191194694756e-47
ISG15	4.29216139997597e-52	0.594601346328211	0.713	0.437	1.15562153532953e-47
TMEM256	4.54766486812655e-52	0.272515146975959	0.765	0.432	1.22441328909439e-47
EIF5A	4.82166954720606e-52	0.455939530136826	0.904	0.766	1.29818630888976e-47
TRIP6	5.21897534665141e-52	0.299568014042566	0.806	0.501	1.40515692233243e-47
KYNU	5.49040761921641e-52	0.345415950641671	0.773	0.41	1.47823734739783e-47
JUNB	5.75453331499069e-52	-1.00349731405322	0.72	0.79	1.54935054972809e-47
KLF5	5.93237718771913e-52	-0.449072582651419	0.969	0.958	1.5972332340215e-47
SUMO2	6.10571786285735e-52	0.356110220671235	0.942	0.88	1.64390347739571e-47
PKIB	6.69979454004203e-52	0.321993975924163	0.474	0.152	1.80385268196092e-47
JUN	1.72711672261239e-51	-1.53861542764239	0.656	0.735	4.65008906396159e-47
MINOS1	2.0258526493133e-51	0.358621427610933	0.9	0.728	5.45440567301113e-47
LACTB2	2.73271910402813e-51	0.254225536561624	0.63	0.296	7.35757291568533e-47
LIPH	2.89096109933739e-51	0.447846427551309	0.917	0.63	7.78362366385598e-47
ADH1B	3.17905174322879e-51	0.432932243781642	0.697	0.363	8.55927891346918e-47
MIEN1	3.35078711783736e-51	0.304024094880308	0.818	0.513	9.0216592360653e-47
ARRB2	3.46221061171243e-51	0.347672878880291	0.714	0.372	9.32165585097456e-47
CCNO	3.54392968138742e-51	0.433400199116573	0.728	0.407	9.54167627416749e-47
SEC11C	3.60210635075186e-51	0.45838116942793	0.873	0.673	9.69831113876431e-47
TMED3	5.75647053197276e-51	0.292987370118111	0.877	0.656	1.54987212602835e-46
C4orf3	5.79895923404168e-51	0.369714014516302	0.893	0.759	1.56131178417338e-46
RBM8A	5.94763730983764e-51	0.349576990644649	0.919	0.756	1.60134186930069e-46
SERPING1	6.34892377357676e-51	0.271317080934537	0.586	0.227	1.70938423679781e-46
ATP2C2	7.45051074682364e-51	0.281497364249244	0.649	0.297	2.0059755134748e-46
MRPS15	9.48382337445141e-51	0.302260099701645	0.821	0.554	2.5534246053373e-46
TMEM208	1.24160511513481e-50	0.360992463604835	0.872	0.655	3.34289761198896e-46
RPS21	1.25237951306164e-50	0.465336766002424	0.942	0.949	3.37190660096717e-46
TIMP2	3.35343414990007e-50	0.287052399233451	0.542	0.21	9.02878610519096e-46
DUOXA2	3.77263335038826e-50	0.699904844303539	0.648	0.303	1.01574380325854e-45
UBL5	3.90311937506831e-50	0.388770643272207	0.921	0.876	1.05087586054339e-45
NDUFB9	4.75339077227376e-50	0.351120184891079	0.924	0.756	1.27980293152699e-45
COA3	6.28015996187547e-50	0.305925766195192	0.784	0.475	1.69087026813535e-45
CTSH	6.85696252110347e-50	0.408418515758499	0.861	0.589	1.8461685891819e-45
RBX1	8.91864501880851e-50	0.386534784824411	0.894	0.731	2.401255984864e-45
GMDS	9.00893853809436e-50	0.296440872328708	0.765	0.438	2.42556661199653e-45
CYP26A1	1.12279881989916e-49	-0.599997720890537	0.09	0.258	3.02302354269651e-45
GDF15	1.17269709454437e-49	0.367477721320511	0.728	0.356	3.15736965735127e-45
STRA13	1.18058795775745e-49	0.259234184561742	0.804	0.487	3.17861501746615e-45
CALM2	1.24402353484491e-49	0.383823370072947	0.942	0.906	3.34940896521645e-45
HSPA1B	1.31339113587346e-49	-1.05929263666145	0.852	0.818	3.5361742942257e-45
EMC6	1.51267515465831e-49	0.280046956823541	0.813	0.528	4.07272658640203e-45
TXNL4A	1.65171419163566e-49	0.272321270666934	0.83	0.577	4.44707528955985e-45
RNF114	1.67421072604301e-49	0.290531658275788	0.753	0.42	4.5076449587982e-45
SAA4	2.20433256626023e-49	0.290798727896027	0.426	0.12	5.93494500139904e-45
EZR	2.70832243778653e-49	0.445430965194292	0.971	0.92	7.29188733149644e-45
ALDH1A1	5.13222354242751e-49	0.398507872932299	0.988	0.972	1.38179986656318e-44
PNN	5.21220767895442e-49	-0.56948000526994	0.836	0.83	1.40333479548169e-44
ATP6V0B	8.65317863391967e-49	0.447899748821845	0.912	0.811	2.32978181539653e-44
ATP6V0E1	1.07689760243163e-48	0.35265816067843	0.919	0.824	2.89943910478692e-44
EGFR	1.08171316145938e-48	-0.851455912473911	0.626	0.687	2.91240451591323e-44
MYO1B	1.10922935194194e-48	0.331034867369346	0.777	0.47	2.98648910716848e-44
RPA3	1.4108584992411e-48	0.26999728652126	0.773	0.448	3.79859542335675e-44
BLVRB	2.6959511534152e-48	0.426818922411914	0.888	0.735	7.25857888545509e-44
MIR205HG	2.92628910796831e-48	-1.330268741258	0.822	0.81	7.87874079429388e-44
B3GNT7	2.95983318920043e-48	0.318373598163365	0.759	0.413	7.96905487860323e-44
NUPR1	3.38944305150024e-48	-0.878895718759646	0.494	0.635	9.12573647185923e-44
AURKAIP1	3.86470422861008e-48	0.339718396848486	0.908	0.772	1.04053296651098e-43
OCIAD2	4.20529912190108e-48	0.359860342953323	0.886	0.746	1.13223473558065e-43
RHOA	4.72599336574625e-48	0.350929003019951	0.941	0.827	1.27242645379352e-43
ANAPC11	1.275206025898e-47	0.358820504348397	0.877	0.687	3.43336470412778e-43
EPS8L1	1.35437737676028e-47	0.33845765447239	0.833	0.538	3.64652564918938e-43
HSBP1L1	1.88487863765248e-47	0.353225146787814	0.875	0.662	5.07484724401555e-43
REEP5	2.45356510136518e-47	0.315195339153623	0.929	0.835	6.6059786789156e-43
MTIF3	2.73507812514559e-47	0.31074003275068	0.809	0.506	7.36392434414199e-43
CLSTN1	2.91191575151173e-47	-0.643230999611687	0.847	0.839	7.84004196937018e-43
SF3B5	3.84300179310023e-47	0.343118893431971	0.829	0.576	1.03468980277431e-42
MRP63	3.97390765926261e-47	0.344662950317584	0.891	0.728	1.06993489817987e-42
CHMP3	4.32599755893674e-47	0.318534015963479	0.9	0.68	1.16473158276813e-42
TXNL1	7.44848446631409e-47	0.295590065353992	0.848	0.634	2.0054299577104e-42
PRRC2C	8.04970036843055e-47	-0.382614422931135	0.941	0.927	2.16730132719624e-42
NDUFV3	1.1348237829637e-46	0.315747726342498	0.868	0.634	3.05539955325147e-42
LINC01133	1.25347076169387e-46	0.318220850359571	0.719	0.403	3.37484467878457e-42
ARL1	2.17828082322443e-46	0.353684540053645	0.892	0.692	5.86480328844945e-42
MYL12A	3.00182552654876e-46	0.370039376795335	0.939	0.901	8.08211504767988e-42
BTG2	3.12831311714675e-46	-0.660613947000881	0.281	0.463	8.4226702366059e-42
KTN1	3.24447060846919e-46	-0.418358311149299	0.956	0.946	8.73541266624244e-42
TSPAN3	3.29140660027128e-46	0.344464901926722	0.944	0.828	8.8617831305704e-42
AKR1B10	3.80088418167244e-46	0.446970171320442	0.584	0.268	1.02335005707349e-41
VPS29	4.44289675965989e-46	0.289202262772173	0.886	0.677	1.19620552357083e-41
SPDEF	4.53056670185244e-46	0.277588311768545	0.77	0.435	1.21980977880675e-41
PART1	6.11729155917748e-46	0.321285368488907	0.508	0.201	1.64701957939295e-41
TAF10	6.16915146966679e-46	0.349392952858477	0.833	0.624	1.66098234169309e-41
SERPINB5	6.22746148914539e-46	-0.434619756697268	0.166	0.351	1.67668173133751e-41
FKBP2	6.97477936937095e-46	0.369045010613744	0.93	0.787	1.87788959740943e-41
SEL1L3	7.04430570962243e-46	0.319676453336062	0.839	0.545	1.89660886925874e-41
NDUFB11	7.54443176087466e-46	0.348231845432774	0.914	0.787	2.03126280729789e-41
RBM39	7.87329927805271e-46	-0.438852119022846	0.937	0.903	2.11980709762291e-41
YBX3	8.87511122500554e-46	-0.543338154246141	0.895	0.877	2.38953494622049e-41
RAB9A	8.97994669035085e-46	0.281354175617281	0.792	0.494	2.41776084691006e-41
TMC5	9.43841748381085e-46	0.390617323655257	0.938	0.68	2.54119952334123e-41
GTF2I	1.13459293759455e-45	-0.500968138995245	0.904	0.873	3.05477802517957e-41
HNRNPU	1.62065794156009e-45	-0.518850637282475	0.915	0.91	4.3634594418564e-41
TRAM1	1.67654067565042e-45	0.374189938530793	0.917	0.768	4.5139181151212e-41
BRI3	1.76898778993104e-45	0.420358179588881	0.875	0.782	4.76282272561034e-41
KRT19	2.13789023980346e-45	0.461945880455447	0.99	0.996	5.75605568164684e-41
RPL38	2.52005980342174e-45	0.315869905534679	0.961	0.951	6.78500901473268e-41
DUOX2	2.54941984090821e-45	0.290118185105178	0.844	0.468	6.86405797966126e-41
TCEA3	2.63506741246108e-45	0.301966673557887	0.76	0.461	7.0946555013102e-41
HLA-DRA	2.9485247853635e-45	0.58630894869333	0.871	0.696	7.93860813211268e-41
COX8A	4.44058201874623e-45	0.353346543905656	0.922	0.863	1.19558230272723e-40
H2AFZ	4.48449509978488e-45	0.415174942679658	0.904	0.803	1.20740546066608e-40
NDUFB10	4.50206491142644e-45	0.363726569284649	0.899	0.725	1.21213595675245e-40
SYNE2	6.19127080169673e-45	-0.559590876578298	0.904	0.882	1.66693775064883e-40
MIR4435-1HG	7.18093413101719e-45	0.271435361663314	0.679	0.363	1.93339470543507e-40
TXNIP	7.8099034541345e-45	-0.639997156705677	0.958	0.965	2.10273840599117e-40
TTC9	1.18352202532397e-44	0.298722008560227	0.799	0.487	3.18651470098225e-40
CTC-425F1.4	1.31556708967091e-44	0.360540847168841	0.43	0.145	3.54203283222994e-40
NDUFC2	1.32484064826113e-44	0.335228475091527	0.928	0.834	3.56700096137825e-40
CD44	1.69191295612215e-44	-0.856410231995295	0.707	0.717	4.55530644306327e-40
GPR110	2.45236973515545e-44	0.372164098455525	0.941	0.718	6.60276027493253e-40
PSAP	2.49987654758893e-44	-0.48566464443286	0.915	0.917	6.73066761672843e-40
BIRC3	2.97770484078527e-44	0.327498182195897	0.656	0.33	8.01717251333027e-40
MACF1	3.66190046775571e-44	-0.497242495869024	0.777	0.789	9.85930081938546e-40
CSTA	4.62094443415733e-44	0.542240068032351	0.889	0.72	1.24414307945252e-39
IFIT3	5.29511875504746e-44	0.256323175857783	0.631	0.283	1.42565777360898e-39
ORMDL2	5.38890155331095e-44	0.251355484924395	0.788	0.479	1.45090785421344e-39
TNS4	6.96298014887516e-44	-0.33617631176341	0.103	0.263	1.87471277528315e-39
LAMTOR2	7.63557644067197e-44	0.300501613082018	0.834	0.587	2.05580260088652e-39
SKP1	8.05684900826014e-44	0.316547663841185	0.958	0.917	2.16922602698396e-39
CP	9.44765953233844e-44	0.418029047918947	0.976	0.752	2.5436878524868e-39
HN1	1.09318480292911e-43	0.413112400252482	0.898	0.721	2.94329076340635e-39
MSLN	1.09648957792548e-43	0.261832238297223	0.821	0.496	2.95218853960656e-39
SPAG1	1.23353160051442e-43	0.254441555575858	0.744	0.401	3.32116048122504e-39
RBP1	1.30953708191118e-43	-0.731830369708206	0.458	0.586	3.52579763933766e-39
MRPS34	2.0671979415779e-43	0.289817453021541	0.858	0.59	5.56572373790435e-39
PHPT1	2.48810144726905e-43	0.307505903533487	0.844	0.617	6.69896433662719e-39
CYP2J2	2.71314888763732e-43	0.304546324005829	0.689	0.386	7.30488206507472e-39
TMPRSS4	2.85863739788686e-43	-0.485452360106073	0.936	0.89	7.69659533007059e-39
MUC13	3.1325379660287e-43	0.261724050993265	0.518	0.19	8.43404521973567e-39
SPCS2	3.29809914496907e-43	0.346557078584673	0.935	0.821	8.87980213791471e-39
TMEM238	3.95800722879186e-43	0.325187559783259	0.887	0.597	1.06565386627992e-38
LUC7L3	7.3560925884148e-43	-0.508825621362901	0.852	0.824	1.9805543685048e-38
ADRM1	8.41100186066092e-43	0.301153395479041	0.837	0.585	2.26457814096435e-38
NIPBL	1.06897506515247e-42	-0.434883848048745	0.813	0.824	2.8781084654165e-38
METTL9	1.08696339594428e-42	0.282516852417563	0.837	0.59	2.92654024724039e-38
SRD5A3	1.95361889726135e-42	0.376955657595539	0.8	0.525	5.25992351898645e-38
DDX17	2.31332466382785e-42	-0.471947160707253	0.937	0.901	6.22839532489009e-38
RER1	2.58744940498748e-42	0.280641716678417	0.898	0.73	6.9664487779883e-38
ANK3	2.5880284590189e-42	-0.537497725060671	0.802	0.801	6.9680078230625e-38
UBB	3.72613557850323e-42	0.372778483996351	0.93	0.913	1.00322474315621e-37
SLC6A6	3.85804514600757e-42	-0.618104864845408	0.836	0.821	1.03874007511108e-37
MLPH	3.92221033901886e-42	0.322394175005843	0.871	0.558	1.05601591167744e-37
C1orf122	4.19524885580662e-42	0.279339004091585	0.761	0.472	1.12952880193737e-37
ITGB4	5.08992293028161e-42	-0.694507642237315	0.632	0.666	1.37041084974902e-37
PIGP	7.70902912642645e-42	0.25260537409425	0.685	0.376	2.07557900199906e-37
ARHGDIB	7.8728199793568e-42	0.395673275383578	0.812	0.6	2.11967805124202e-37
AHNAK2	7.89031997434879e-42	-0.424466947368282	0.156	0.327	2.12438974989367e-37
DNAJA1	8.32269551392242e-42	0.408215324734049	0.932	0.77	2.24080254016847e-37
RPL39	9.33781083660122e-42	0.369242293933859	0.959	0.955	2.51411218964651e-37
SSR3	9.48537255458035e-42	0.309651515190283	0.861	0.631	2.55384170659521e-37
GTF2A2	9.5978387557842e-42	0.291658322856835	0.839	0.607	2.58412210660734e-37
SRRM2	1.12528945433689e-41	-0.376867042484613	0.943	0.913	3.02972932685663e-37
FAM177A1	1.23387554181619e-41	0.283932397086036	0.886	0.69	3.3220865087859e-37
PRSS22	1.64976166920408e-41	0.385935603995592	0.863	0.631	4.44181831816505e-37
COX6B1	1.78478154592798e-41	0.340568405760019	0.946	0.915	4.8053458342565e-37
MRPS6	1.93909405917325e-41	0.291771604310583	0.789	0.504	5.22081684491806e-37
EDF1	1.99369458378066e-41	0.315654664996123	0.924	0.863	5.36782329737105e-37
TJP3	2.21555443498244e-41	0.281709485253072	0.831	0.528	5.96515876074673e-37
NDUFB7	2.38126117875237e-41	0.318142117352483	0.912	0.837	6.41130759767289e-37
RASSF7	3.01419721235936e-41	0.260899261323949	0.792	0.49	8.11542457455633e-37
KRT23	3.26079923027908e-41	0.435676006983867	0.806	0.528	8.77937584760339e-37
AMD1	3.83797138815221e-41	0.346682930266478	0.867	0.601	1.0333354165461e-36
SVOPL	6.24623632147361e-41	-0.330846932090462	0.076	0.215	1.68173666719355e-36
PDXK	6.31032443035493e-41	0.27700646239735	0.892	0.69	1.69899174962876e-36
SPATS2L	7.62595603743617e-41	0.371101551150443	0.897	0.703	2.05321240351932e-36
CIB1	8.04306469972365e-41	0.397632830524899	0.901	0.839	2.1655147397536e-36
C11orf58	8.82718928637284e-41	0.286932128927875	0.928	0.782	2.37663244346302e-36
CLCA4	1.08666729761236e-40	-0.96279918595969	0.211	0.389	2.92574303209151e-36
TUBA1C	1.13257335168248e-40	0.331443955693258	0.873	0.632	3.0493404920699e-36
PERP	1.30902370262719e-40	-0.521100022983571	0.986	0.987	3.52441541695346e-36
DAP	1.93710013629213e-40	0.281939037153039	0.858	0.601	5.21544840695292e-36
PTPN13	2.14076902828351e-40	-0.552492915990333	0.819	0.827	5.76380653175052e-36
MRPL51	2.77357259275098e-40	0.276336578680475	0.895	0.699	7.46756684872275e-36
PPCS	3.28481262578133e-40	0.278576566830628	0.885	0.67	8.84402951365366e-36
CARHSP1	3.3025046600068e-40	0.364149724885937	0.851	0.635	8.8916635466023e-36
PTGR1	5.49794706340621e-40	0.275590192669208	0.714	0.418	1.48026726735149e-35
PTP4A2	5.53870325065812e-40	0.330663639922099	0.945	0.82	1.49124046320719e-35
ATP1B1	5.94972055304255e-40	0.429288607130564	0.992	0.963	1.60190276170118e-35
HLF	8.43862013820616e-40	-0.432776227178829	0.258	0.428	2.27201408601063e-35
RP11-294O2.2	1.68115268297019e-39	0.329865981713434	0.67	0.403	4.52633548362893e-35
GFPT1	1.74971545894408e-39	0.313537877593766	0.862	0.62	4.71093390166105e-35
PSMA3	2.00501665893444e-39	0.300315774207085	0.91	0.79	5.39830685251508e-35
WDR83OS	2.21789472339105e-39	0.354051468217766	0.88	0.725	5.97145975325807e-35
CLDN3	2.34316543844893e-39	0.250887193221856	0.632	0.304	6.3087386264799e-35
BAG1	2.65610862773918e-39	0.35676716499066	0.946	0.858	7.15130686932497e-35
GABARAPL2	2.99205876979671e-39	0.334549881007143	0.872	0.718	8.05581903180067e-35
C9orf16	3.17189991182109e-39	0.367963052416702	0.877	0.763	8.54002332258711e-35
ANXA4	3.17379612238868e-39	0.291019903567464	0.839	0.599	8.54512867991927e-35
LGI1	3.6426860086074e-39	0.283654416175479	0.424	0.146	9.80756780957457e-35
MRPS36	5.3223646763972e-39	0.272333997544422	0.814	0.573	1.43299346547318e-34
MBOAT1	6.32818454264119e-39	0.281214606471877	0.76	0.473	1.70380040626071e-34
COX7A2L	6.64620264291774e-39	0.254988474231471	0.806	0.541	1.78942359957917e-34
C10orf54	8.00637293072429e-39	0.267204875116951	0.755	0.43	2.15563584786821e-34
RPS28	8.3589192124607e-39	0.369919317710694	0.959	0.986	2.25055540876292e-34
CHMP4B	1.05952363989904e-38	0.290133650756869	0.905	0.749	2.85266144806416e-34
WARS	1.0637736912647e-38	0.53916582978291	0.741	0.454	2.86410428636109e-34
MAP2K2	1.15195750631534e-38	0.257910988754704	0.844	0.585	3.10153039000342e-34
MMP24-AS1	1.1932294848996e-38	0.299605635729206	0.849	0.62	3.21265106514368e-34
SEMA4B	1.40573566871657e-38	-0.557501957025283	0.439	0.556	3.78480271445249e-34
TIMM8B	1.50094294584262e-38	0.278710551758104	0.877	0.697	4.04113878738666e-34
RP11-526F3.1	1.54096967388721e-38	0.259194849185783	0.439	0.168	4.14890674997393e-34
RAB11A	1.87295964480312e-38	0.311656716242299	0.93	0.787	5.04275654766793e-34
ANKRD12	2.32813590173061e-38	-0.552728035952517	0.891	0.845	6.2682731018195e-34
PBX1	3.40527975789125e-38	-0.517416649865783	0.758	0.77	9.16837522014641e-34
GOLGB1	3.84801359168338e-38	-0.441976216290768	0.952	0.927	1.03603917942483e-33
PROM1	4.36951638685372e-38	0.301925597823669	0.72	0.392	1.1764485919965e-33
CHMP2B	4.37350787697176e-38	0.260312993193412	0.809	0.539	1.17752326079588e-33
TSHZ2	4.56754550541004e-38	-0.525056169499546	0.875	0.83	1.2297659518766e-33
GALNT3	4.60509355734498e-38	0.271040996164941	0.837	0.566	1.23987538937956e-33
HSP90AA1	5.67959760245467e-38	-0.497876304175145	0.966	0.972	1.52917485848489e-33
NDUFB2	6.85886801198404e-38	0.300278565498318	0.922	0.827	1.84668162354658e-33
C14orf166	8.85912384427595e-38	0.269500272966529	0.883	0.703	2.38523050383286e-33
ARSD	1.04100077331759e-37	-0.489232640307738	0.575	0.645	2.80279048208027e-33
PSMD7	1.23539238150993e-37	0.281758450798729	0.859	0.624	3.32617044797734e-33
LAP3	1.38380479513013e-37	0.300219754014614	0.835	0.575	3.72575603040835e-33
SRI	1.52439019551358e-37	0.332770746780046	0.905	0.777	4.10426816240078e-33
GALNT7	1.94330935032465e-37	0.296691903699495	0.828	0.568	5.2321660948141e-33
KRT18	2.30615762348781e-37	0.328503539508092	0.971	0.961	6.20909878547858e-33
ANXA5	3.41527787823058e-37	0.352986513229876	0.887	0.737	9.195294159348e-33
AHNAK	3.49871008128434e-37	-0.477023537955664	0.955	0.959	9.41992702284995e-33
MPC1	3.75071779019656e-37	0.281238515886135	0.836	0.628	1.00984325783252e-32
PPP4C	4.50314397149476e-37	0.260494765741183	0.881	0.675	1.21242648288525e-32
SDR16C5	5.09265064272112e-37	0.271007664869618	0.826	0.552	1.37114525904623e-32
ZNF428	6.2159964666385e-37	0.312859771410529	0.923	0.79	1.67359488867775e-32
PLS1	7.14508105381324e-37	0.291858740238714	0.823	0.539	1.92374162292868e-32
AP2S1	9.68266192058596e-37	0.296191080677469	0.841	0.617	2.60695989549856e-32
ARL4C	9.94250787062246e-37	-0.381395812523507	0.16	0.317	2.67692081908639e-32
MGEA5	1.01667577499507e-36	-0.427913232292541	0.77	0.759	2.73729785659672e-32
MAP1LC3B	1.35131521989044e-36	0.257306750613115	0.823	0.545	3.63828109803301e-32
HIST1H1C	1.37588104281714e-36	0.350552878999101	0.671	0.382	3.70442211968086e-32
LDLR	1.45598707590283e-36	0.289127935215912	0.53	0.254	3.92009960316078e-32
ARHGAP5	1.62420158664953e-36	-0.404283529262196	0.872	0.851	4.37300035189519e-32
C19orf53	2.32592048052531e-36	0.305512049482223	0.865	0.732	6.26230830176635e-32
CHD9	2.51133181052412e-36	-0.474194208201103	0.856	0.832	6.76150976665515e-32
CASP4	2.61886800686718e-36	0.261953047013216	0.859	0.646	7.05104022168921e-32
ANKRD11	2.968356541252e-36	-0.449615604246368	0.846	0.828	7.9920031516669e-32
GNE	3.11062244704644e-36	0.265389145597304	0.846	0.518	8.37503987642783e-32
HIST1H4C	3.27108416305094e-36	0.278269547645765	0.724	0.439	8.80706700059835e-32
SF1	3.3659639934164e-36	-0.38711366926826	0.876	0.83	9.06252145587431e-32
MDH2	3.50742629487911e-36	0.300448295868348	0.893	0.737	9.44339455633251e-32
CXXC5	4.66060243045208e-36	0.267848702133626	0.842	0.606	1.25482059837492e-31
SAMD9	4.76876153274582e-36	0.304463472297148	0.761	0.459	1.28394135507648e-31
GLIPR1	6.62278262987276e-36	-0.259792782434371	0.079	0.21	1.78311799526694e-31
F3	9.06670003416983e-36	0.376362500095512	0.992	0.962	2.44111831719988e-31
RPL4	9.87348333783765e-36	-0.638748392079522	0.917	0.937	2.65833665387941e-31
NUCKS1	1.0710059705196e-35	-0.485278177628487	0.921	0.889	2.88357647502698e-31
MAGED1	1.13324343565391e-35	0.251427186054009	0.794	0.523	3.05114462615458e-31
SMDT1	1.24101290685479e-35	0.269586202101038	0.858	0.679	3.34130315041585e-31
AQP5	1.63815735411426e-35	0.572913219747623	0.941	0.875	4.41057486021724e-31
HSPA8	1.69672003520688e-35	0.398637710651268	0.92	0.823	4.568249022791e-31
ATRX	1.882660555781e-35	-0.47248572328283	0.878	0.862	5.06887528038476e-31
BHLHE40	1.89813237672313e-35	-0.519481090202286	0.662	0.692	5.11053161108936e-31
MORF4L1	2.70258163692446e-35	0.26193563226571	0.94	0.869	7.27643079925541e-31
CREB3L1	2.75447072638165e-35	0.299318306962281	0.882	0.652	7.41613698370995e-31
GSTA1	2.88908602885608e-35	0.556322165807825	0.783	0.544	7.77857522409211e-31
HMGA1	6.07746299465437e-35	0.29633099400432	0.84	0.597	1.63629613668074e-30
ACOT11	8.26199169596962e-35	-0.312559891875302	0.212	0.373	2.22445864422286e-30
RHEB	1.24171834737581e-34	0.264121485084541	0.853	0.654	3.34320247847463e-30
ASH1L	1.61549582164015e-34	-0.416340450817304	0.833	0.815	4.34956095018393e-30
SERPINB1	1.69256432112373e-34	0.405174931636648	0.875	0.707	4.55706017819352e-30
SERP1	1.83812809573298e-34	0.306048260046711	0.921	0.835	4.94897608495147e-30
SLC25A3	2.73606539430733e-34	0.304054575245392	0.946	0.894	7.36658246763305e-30
PLSCR1	2.77126339471786e-34	0.254428456972106	0.882	0.652	7.46134956393837e-30
CFL1	3.14698479479282e-34	0.277691691117272	0.933	0.934	8.4729418615002e-30
CEP68	3.33740212272272e-34	-0.428987961000939	0.263	0.404	8.98562147521864e-30
NFIB	3.76238080350522e-34	-0.444549509947271	0.854	0.83	1.01298340753575e-29
JUP	5.87103379452015e-34	-0.451926173528973	0.863	0.835	1.5807171388366e-29
BZW1	6.06118453850659e-34	0.328377055843422	0.952	0.855	1.63191332514751e-29
C19orf70	7.11869901566062e-34	0.276952345239597	0.859	0.651	1.91663852297647e-29
CCND1	7.20133411710759e-34	0.305665518326536	0.844	0.597	1.93888719769005e-29
CD47	7.27531999868756e-34	0.269487089581478	0.87	0.665	1.95880715644664e-29
NDUFB3	8.2208869535945e-34	0.267276660582515	0.896	0.731	2.21339160338578e-29
SLC26A2	1.1399610133171e-33	-0.735197586236447	0.627	0.68	3.06923103225496e-29
FHL2	1.49231595191246e-33	0.280124829619772	0.782	0.499	4.01791146892912e-29
CMPK1	1.59862882901419e-33	0.30487010481327	0.93	0.8	4.30414825923781e-29
S100A2	1.61412526343189e-33	-1.16771118540646	0.427	0.545	4.34587085926403e-29
TMEM167A	2.68724381662875e-33	0.254099299975886	0.846	0.62	7.23513525189124e-29
SAP18	2.80325390790816e-33	0.300849740630343	0.929	0.859	7.54748082165193e-29
ALDH3A2	6.7691504343377e-33	-0.518074914364761	0.836	0.801	1.82252606294108e-28
SELK	7.49025923905146e-33	0.301589368863097	0.874	0.708	2.01667739752221e-28
CHD2	8.00975850506205e-33	-0.447572293864474	0.847	0.82	2.15654737990291e-28
LAMP1	9.22430486067439e-33	-0.458896963985538	0.91	0.879	2.48355184068797e-28
PSMD8	9.72663270794002e-33	0.263633715549756	0.872	0.721	2.61879859028577e-28
BAZ2B	1.32802475017226e-32	-0.420665281668986	0.813	0.785	3.57557383736379e-28
MKL2	1.67337782152309e-32	-0.507687187038495	0.666	0.694	4.50540244666877e-28
C1orf63	1.74067471532244e-32	-0.425430149964376	0.853	0.813	4.68659260353414e-28
NUCB2	1.91651930528465e-32	0.394421371690354	0.904	0.723	5.1600365775484e-28
RNF7	2.20055268505062e-32	0.257721389393518	0.893	0.765	5.92476804923028e-28
CNPY2	2.28189387470516e-32	0.264015739313147	0.869	0.679	6.14377106825616e-28
RAB11FIP1	2.78052219918909e-32	0.409958988064459	0.934	0.77	7.48627796909672e-28
SRGAP3	3.03810408168837e-32	-0.4672079953499	0.621	0.658	8.17979142953777e-28
DGKH	3.0641630102177e-32	-0.495503176305315	0.696	0.724	8.24995248871013e-28
ANXA3	3.71011065695781e-32	0.283775291026783	0.844	0.596	9.98910193279321e-28
CTNND1	3.89316568013126e-32	-0.329701219892839	0.913	0.886	1.04819592771854e-27
NDUFA4	4.05919845634692e-32	0.375902373881855	0.926	0.894	1.09289859238685e-27
N4BP2L2	4.35847012125285e-32	-0.401201205184005	0.903	0.863	1.17347449544612e-27
LDHA	4.67738984222609e-32	0.259373418129427	0.887	0.759	1.25934044112095e-27
OGFRL1	5.24506886950919e-32	-0.521852535769106	0.742	0.734	1.41218234242665e-27
DDR1	5.40683280230744e-32	-0.430609416693587	0.888	0.863	1.45573566369326e-27
RBM25	6.80320357756082e-32	-0.376227949955963	0.91	0.882	1.83169453122247e-27
SFPQ	1.04222075514923e-31	-0.335441996722969	0.926	0.89	2.80607516116379e-27
ARFGAP3	1.32787153958029e-31	0.271854646222709	0.86	0.63	3.57516133316596e-27
EID1	1.33178391636456e-31	0.301365082119088	0.94	0.858	3.58569501641995e-27
COX4I1	2.02004557059538e-31	0.291436625223366	0.935	0.928	5.438770694271e-27
FTH1	2.14252934454336e-31	0.794127007298162	0.917	0.977	5.76854600724853e-27
BTG1	2.73456899004743e-31	-0.596635010219277	0.901	0.917	7.36255354880371e-27
DSC3	3.53914982195332e-31	-0.271307309390128	0.106	0.239	9.52880698062713e-27
PRDX5	3.54774275613027e-31	0.336524197614487	0.905	0.848	9.55194259660514e-27
RB1CC1	4.46726660427695e-31	-0.429336209932291	0.799	0.779	1.20276686053552e-26
ARPC1B	5.15790334008587e-31	0.291022843547214	0.855	0.689	1.38871389528472e-26
RPL36A	5.27952882929442e-31	0.3290824735111	0.903	0.799	1.42146034199923e-26
TPR	7.38236035103415e-31	-0.409458728314059	0.873	0.846	1.98762670091244e-26
GALNT12	9.08859889644041e-31	0.270796405520241	0.874	0.645	2.44701436687762e-26
SPEN	9.30006722024469e-31	-0.410558683394075	0.646	0.682	2.50395009837868e-26
NDFIP1	1.16092954860835e-30	0.261014697178203	0.924	0.806	3.12568671667313e-26
ATP5O	1.20447326658074e-30	0.254893365914483	0.909	0.813	3.24292382294197e-26
B4GALT5	1.41395091501968e-30	0.381276397781086	0.911	0.754	3.80692144359898e-26
JAG1	1.69449749289657e-30	-0.477531272331682	0.376	0.494	4.56226504987472e-26
NDUFB8.1	2.86940974451036e-30	0.255977706479583	0.898	0.746	7.72559879611969e-26
PLP2	5.35608405406597e-30	-0.735832509920765	0.409	0.503	1.44207207071672e-25
SOX7	6.90858378829983e-30	-0.320312472830272	0.12	0.251	1.86006709916185e-25
OAZ1	6.92860375875159e-30	0.304808079744379	0.897	0.879	1.86545727600628e-25
PRPF38B	7.2850059773939e-30	-0.468077778029687	0.812	0.787	1.96141500935353e-25
KIAA1217	7.43564071175849e-30	-0.417195123319634	0.799	0.762	2.00197190523385e-25
DNAJC3	9.09730628443188e-30	0.326681682578676	0.897	0.73	2.44935874402044e-25
TFCP2L1	1.37456472192567e-29	-0.641289082400902	0.82	0.786	3.70087805731266e-25
CHMP2A	1.52488157276028e-29	0.26668762456785	0.906	0.794	4.10559114649977e-25
ANXA11	1.60545353042717e-29	0.268837694194901	0.955	0.882	4.32252308532211e-25
SYT8	1.88677363093523e-29	0.353436462867818	0.669	0.406	5.07994932393001e-25
IFITM2	2.11402043752821e-29	0.596414861893873	0.626	0.506	5.69178862600094e-25
DYNC1I2	2.28082829262246e-29	0.25004983321211	0.911	0.742	6.1409020950567e-25
FSCN1	2.78377800016506e-29	-0.278274749028232	0.049	0.148	7.4950438876444e-25
PABPC1	4.62148119343148e-29	-0.468400680835517	0.96	0.955	1.24428759651949e-24
GALNT5	4.68071834739766e-29	0.272836996436461	0.868	0.645	1.26023660785335e-24
CYP4B1	4.78675978555707e-29	-0.703385303883078	0.916	0.882	1.28878720466338e-24
TMEM123	5.19011182467542e-29	-0.464238765333897	0.916	0.883	1.39738570767561e-24
NDUFS8	6.59220452432601e-29	0.264821372096583	0.895	0.741	1.77488514612954e-24
NDUFS6	7.71565626138998e-29	0.25929637205331	0.91	0.776	2.07736329181664e-24
FER1L6	8.37757311247259e-29	0.28511952298867	0.773	0.479	2.25557778480212e-24
NUFIP2	8.51374660616394e-29	-0.395922779059496	0.834	0.803	2.29224113624358e-24
PTRF	1.12177831207578e-28	-0.261315266007459	0.057	0.162	3.02027592743283e-24
CD81	1.59253589628181e-28	-0.777060804442791	0.911	0.892	4.28774364714914e-24
TSTD1	2.28076482931131e-28	0.251577371053353	0.872	0.7	6.14073122643777e-24
PSMB3	2.28892209240012e-28	0.252682089057962	0.898	0.799	6.16269384157808e-24
TRIM29	3.13818716409912e-28	-0.513091755554005	0.852	0.838	8.44925512062047e-24
ARHGEF12	5.35707232443733e-28	-0.378082618667372	0.789	0.768	1.44233815263151e-23
SERTAD4	6.09085995663737e-28	-0.347890623441871	0.173	0.307	1.63990313472505e-23
RPS4X	6.3152975698367e-28	-0.940884829689209	0.935	0.962	1.70033071770283e-23
IGFBP5	6.42000862584673e-28	-0.35253374531651	0.067	0.18	1.72852312242297e-23
NEAT1	8.26405266986451e-28	-0.790244080412386	0.954	0.887	2.22501354083432e-23
HS3ST1	1.57464183718518e-27	0.29276185299662	0.822	0.59	4.23956568243739e-23
DLG5	1.65841010804119e-27	-0.442408074000345	0.532	0.586	4.4651033748901e-23
SDC1	1.69231347359899e-27	-0.50681115098795	0.904	0.872	4.55638479631793e-23
MT-ATP8	2.98014860558587e-27	-0.521365355024894	0.752	0.821	8.02375210567938e-23
PHIP	4.97076931357661e-27	-0.419753866657507	0.766	0.761	1.33832992998737e-22
BCLAF1	5.09739235051805e-27	-0.362371973932684	0.888	0.841	1.37242191645348e-22
MUC2	5.6178397663513e-27	0.971119478117252	0.349	0.151	1.51254717869242e-22
HSPB1	5.77150463164355e-27	-0.720095410682114	0.971	0.985	1.55391990702371e-22
FAM107A	7.67135651483463e-27	-0.385216980445388	0.296	0.437	2.06543602805408e-22
SETD2	8.02797236218525e-27	-0.416050312669212	0.7	0.694	2.16145127879476e-22
IGF1R	1.08490470548784e-26	-0.388945107369269	0.76	0.739	2.92099742905547e-22
COL4A5	1.09169620212405e-26	-0.362807023604811	0.228	0.358	2.93928285459878e-22
DBI	1.48214610452798e-26	0.270343373387354	0.909	0.837	3.99053017183113e-22
PRDX6	2.01772550882881e-26	0.30201073234627	0.919	0.831	5.4325241599707e-22
FGFBP1	2.05633784156321e-26	0.274129833134815	0.333	0.13	5.5364840046248e-22
MAFB	2.05634458972585e-26	-0.463938052356927	0.221	0.348	5.53650217337788e-22
FMO2	2.46675219933932e-26	-0.630068975507905	0.226	0.369	6.64148362150119e-22
PTPRZ1	3.85763415656324e-26	-0.472718691684991	0.658	0.686	1.03862942031309e-21
GAPDH	4.81922129010485e-26	0.352997378368909	0.951	0.973	1.29752714014783e-21
HNRNPA2B1	5.16530036390336e-26	-0.266505792460291	0.975	0.976	1.39070546997734e-21
PIK3R1	5.39428812931172e-26	-0.415799396841396	0.597	0.62	1.45235813593589e-21
ASAH1	5.50480295910745e-26	0.253466296569515	0.956	0.873	1.48211314871009e-21
GSR	6.0288048659157e-26	0.252100069985803	0.892	0.686	1.62319542209914e-21
SNRNP200	6.66618807106459e-26	-0.33763413792487	0.809	0.783	1.79480447625343e-21
MEIS2	6.82404780055463e-26	-0.459148923831698	0.817	0.782	1.83730662982133e-21
MT1E	8.84817475652596e-26	0.36210725619131	0.748	0.521	2.38228257144705e-21
KMT2C	1.12287100969038e-25	-0.394437337569383	0.8	0.785	3.02321790649037e-21
RPN2	1.37630191117315e-25	0.268980081702114	0.926	0.799	3.70555526564258e-21
H2AFJ	2.22926529988702e-25	0.300469534174034	0.917	0.821	6.00207389341581e-21
HP1BP3	3.13643672557766e-25	-0.370904963226839	0.857	0.807	8.4445422399453e-21
LNPEP	5.60523635081179e-25	-0.384279824039957	0.672	0.672	1.50915383509256e-20
HSPA9	6.68626223733272e-25	-0.348676803509973	0.846	0.81	1.80020924477946e-20
TSC22D1	8.20910982805553e-25	-0.411584473404598	0.873	0.846	2.21022073010567e-20
CLDN1	1.38276471485311e-24	-0.507336646140943	0.72	0.746	3.72295571827052e-20
PTMS	1.39993518883659e-24	-0.769205866351273	0.791	0.734	3.76918550242363e-20
HNRNPH1	1.97782326190737e-24	-0.410944715699628	0.912	0.855	5.32509135035939e-20
HLA-DPA1	2.62068467378044e-24	0.379515245743789	0.586	0.365	7.05593141568646e-20
IGSF3	3.38077564965007e-24	-0.274759062073862	0.153	0.276	9.10240035911786e-20
MEIS1	3.46998819214035e-24	-0.399804244818737	0.594	0.628	9.34259620851867e-20
TIMP3	3.89205848375078e-24	-0.406690391534111	0.191	0.323	1.04789782616506e-19
LMAN1	4.26596245952004e-24	0.311840731564353	0.883	0.741	1.14856773260118e-19
ZNF703	4.75773451468476e-24	-0.362240118208862	0.454	0.524	1.28097244073372e-19
MALAT1	4.98115551754458e-24	-0.416563920756287	0.925	0.961	1.3411263115437e-19
CFLAR	5.49093453682918e-24	-0.365656792807081	0.845	0.807	1.47837921469589e-19
HNRNPA3	9.61175374141108e-24	-0.301266478302153	0.943	0.931	2.58786857733752e-19
UBE2G2	2.37579609725333e-23	-0.361546811665878	0.726	0.693	6.39659341224486e-19
GLTSCR2	2.39735230131063e-23	-0.539317771654251	0.818	0.779	6.45463133604875e-19
LGALS8	2.74848884200822e-23	-0.337914121345706	0.804	0.756	7.40003135822294e-19
CYSTM1	3.18468487535523e-23	0.25322793863536	0.85	0.697	8.57444555840643e-19
BPTF	3.65312491767925e-23	-0.370875164265073	0.84	0.78	9.83567352835961e-19
NFIX	4.66776332072947e-23	-0.425432743931808	0.676	0.673	1.2567485964732e-18
LRRFIP1	6.09911601667551e-23	-0.342295468353935	0.919	0.885	1.64212599632971e-18
LRP1	8.06460055432188e-23	-0.430757255611544	0.254	0.368	2.17131305324562e-18
FGFR3	8.23711832487031e-23	-0.74558112643494	0.496	0.537	2.21776173778808e-18
RIF1	8.71266602596336e-23	-0.409164559564271	0.663	0.668	2.34579820083038e-18
ACSL3	1.10853633573979e-22	0.268240321031628	0.91	0.749	2.9846232303458e-18
SHPRH	1.67429910931433e-22	-0.405681501213429	0.616	0.631	4.5078829219179e-18
ATP2A2	1.91890425378759e-22	-0.309370242283649	0.879	0.838	5.1664578128977e-18
SON	2.20801459479678e-22	-0.255376025938704	0.955	0.935	5.94485849503086e-18
TNS1	2.38917792098587e-22	-0.316277039842879	0.248	0.369	6.43262263446236e-18
BOD1L1	2.41634781616157e-22	-0.414680015205363	0.839	0.77	6.5057748602334e-18
HIF1A	2.58286137267041e-22	-0.528135597414069	0.66	0.641	6.95409595977781e-18
SCAF11	3.26493715721335e-22	-0.352548193359808	0.917	0.872	8.79051680208123e-18
NUMA1	3.2709703968316e-22	-0.311762270734439	0.734	0.708	8.8067606964294e-18
HES1	4.41980240630667e-22	0.358296186561175	0.874	0.713	1.18998759987401e-17
FAM107B	4.75378240475232e-22	0.27797627482684	0.977	0.921	1.27990837465551e-17
MYL9	6.12700500333461e-22	-0.423288547375433	0.115	0.224	1.64963482709781e-17
PTMA	6.37078273617973e-22	0.250056554047048	0.987	0.989	1.71526954388903e-17
KRT8	8.84903584865495e-22	-0.642304057816746	0.958	0.965	2.38251441189186e-17
SMG6	9.21368064647771e-22	-0.33851257414873	0.593	0.625	2.48069137725766e-17
FOS	1.4867494168467e-21	-0.990272139457836	0.414	0.531	4.00292412991806e-17
MED13L	1.85732215823631e-21	-0.339769084181498	0.636	0.652	5.00065417883545e-17
DUSP6	2.22215852002873e-21	-0.337635994328785	0.231	0.345	5.98293959932535e-17
EGR1	4.85737567469902e-21	-0.651498281460139	0.217	0.334	1.30779982665596e-16
CLK1	4.99432305531867e-21	-0.335499412228961	0.592	0.617	1.344671539414e-16
AQP3	5.58235161586814e-21	-0.613818868481566	0.988	0.997	1.50299234905634e-16
IQGAP1	6.67063002149661e-21	-0.339530406404905	0.901	0.859	1.79600042698775e-16
TNFSF10	7.30006525781571e-21	0.391698325800449	0.976	0.945	1.9654695700143e-16
ZNF638	1.23397659949342e-20	-0.343510359855552	0.792	0.755	3.32235859647609e-16
LGALS7B	1.40805818476266e-20	-0.389595991883232	0.158	0.272	3.79105585665498e-16
ALCAM	1.772449467311e-20	0.254486496061924	0.974	0.918	4.77214294578814e-16
RASSF6	1.88577701364076e-20	-0.545760948096544	0.392	0.463	5.07726603152637e-16
EXPH5	2.20859493903388e-20	-0.363541020210663	0.797	0.765	5.94642101385482e-16
ZNF292	4.17493946062253e-20	-0.378135165640278	0.778	0.735	1.12406070037801e-15
APP	4.20176802759542e-20	-0.36655608366229	0.875	0.832	1.13128402374979e-15
GNPTAB	5.53733434411467e-20	-0.337487709232596	0.709	0.69	1.49087189880943e-15
CALD1	5.98420184726985e-20	-0.508673084210521	0.112	0.214	1.61118650535893e-15
MAST4	6.64328127137456e-20	-0.413933336695043	0.687	0.649	1.78863704950489e-15
GLUL	6.88094345574314e-20	-0.40345583864681	0.975	0.982	1.85262521602428e-15
PTPRS	8.95934671250759e-20	-0.332280355306413	0.466	0.534	2.41221450887554e-15
EIF4A2	1.33497992890852e-19	-0.356410094203415	0.864	0.81	3.59429996059329e-15
TUBA1B	1.39397139348558e-19	0.266301510392619	0.84	0.71	3.75312857982059e-15
KIDINS220	1.55987652321521e-19	-0.368529434608335	0.653	0.652	4.19981155110463e-15
SERPINB13	1.86254730846281e-19	-0.712085060394384	0.26	0.361	5.01472237330527e-15
KMT2E	2.07814033492135e-19	-0.297032938135886	0.855	0.813	5.59518503774224e-15
CA12	2.23342597336982e-19	-0.701576091462356	0.536	0.573	6.01327609070091e-15
VAV3	3.1889366389837e-19	-0.333980587362323	0.235	0.344	8.58589300679972e-15
ZFAND5	3.79432582546492e-19	-0.295323430608392	0.873	0.854	1.02158428524817e-14
LAMA3	5.9994323259608e-19	-0.252559546299491	0.14	0.246	1.61528715944168e-14
MMP10	7.03037358517916e-19	0.419779847325103	0.46	0.262	1.89285778407364e-14
ZBTB44	7.08263803854464e-19	-0.342099544579952	0.64	0.631	1.90692946549776e-14
DDX42	7.93719228665451e-19	-0.288439224978143	0.788	0.751	2.13700965125886e-14
KMT2A	8.67007825471233e-19	-0.316023354344681	0.767	0.731	2.33433186929875e-14
DYNC1LI2	9.31834400618569e-19	-0.350358850998595	0.867	0.799	2.50887094022543e-14
NFAT5	9.83586370611197e-19	-0.329831408110073	0.858	0.814	2.64820794423359e-14
MYCBP2	1.10712402019142e-18	-0.431454547302356	0.806	0.755	2.98082071196338e-14
SREK1	1.32278805726842e-18	-0.335813467763822	0.811	0.751	3.5614745653895e-14
GPATCH8	1.51938544932445e-18	-0.322426893205927	0.609	0.613	4.09079338376115e-14
LRIG1	1.71201168900748e-18	-0.315523439299699	0.526	0.549	4.60942027148373e-14
PCDH7	1.77691246114656e-18	-0.386354734289201	0.403	0.473	4.78415911039101e-14
SLC38A1	1.81313061640578e-18	-0.42010565033248	0.635	0.631	4.88167287161092e-14
ILF3	1.87230175525996e-18	-0.315326483120128	0.761	0.725	5.0409852458619e-14
PRRG4	1.9097318391562e-18	-0.398911983852487	0.756	0.718	5.14176200374415e-14
PRPF4B	2.31819947549699e-18	-0.323099483691138	0.901	0.842	6.2415202678281e-14
TNRC6B	2.64744078656711e-18	-0.313723433927323	0.89	0.823	7.12796957375329e-14
SESN3	2.69681751313667e-18	-0.324830154693574	0.253	0.349	7.26091147236918e-14
RPL13A	3.64033669590961e-18	-0.742297798749505	0.953	0.989	9.80124252006703e-14
BRD2	3.88246904487968e-18	-0.286250354744596	0.851	0.787	1.04531596564341e-13
GABRP	4.50198652921005e-18	0.268271256470994	0.924	0.783	1.21211485312451e-13
PLEKHH3	5.22761170823184e-18	-0.410644899277366	0.539	0.555	1.40748217632434e-13
DYNC1H1	5.39455140889121e-18	-0.273145992449323	0.851	0.808	1.45242902132987e-13
SRSF7	6.27007353740485e-18	-0.339221963686524	0.817	0.775	1.68815459921088e-13
TUG1	6.47806176918096e-18	-0.274221306733676	0.672	0.665	1.74415335073428e-13
SPTBN1	7.41308259554097e-18	-0.320990642404608	0.736	0.717	1.99589835802345e-13
DGKA	7.80011538847745e-18	-0.405511629603107	0.59	0.586	2.10010306719367e-13
CDK12	9.8176200688155e-18	-0.302379846282407	0.707	0.675	2.64329602732789e-13
KDM5A	1.4738561041535e-17	-0.324198360457081	0.753	0.724	3.96821017482289e-13
BRWD1	1.52757475236075e-17	-0.35419894772142	0.731	0.699	4.11284226325609e-13
CENPC	1.90854056322105e-17	-0.322357306851172	0.734	0.693	5.13855461241634e-13
PCM1	2.06363933017435e-17	-0.322985646669821	0.84	0.786	5.55614253256141e-13
ABCC5	2.10809815634645e-17	-0.419335061694713	0.434	0.479	5.67584347614717e-13
SLC38A2	2.13223286655137e-17	-0.394572598963383	0.898	0.845	5.7408237699029e-13
CAST	2.63096382465177e-17	-0.2878035437076	0.97	0.956	7.08360700149242e-13
CD46	4.30609508326215e-17	-0.331756537785905	0.922	0.872	1.1593730402175e-12
CSRP2	5.03496313299987e-17	-0.695154812192563	0.332	0.397	1.35561347392889e-12
LINC00910	5.05080253230854e-17	-0.288183437557493	0.215	0.318	1.35987807379875e-12
GCC2	5.19037048420602e-17	-0.335137974325629	0.888	0.834	1.39745534916763e-12
RAD21	5.24206237219141e-17	-0.299366058551739	0.78	0.714	1.41137287308881e-12
PLEC	5.81024704880757e-17	-0.288654464818493	0.794	0.742	1.56435091542095e-12
ECE1	5.97249846770127e-17	-0.353305351832939	0.799	0.761	1.60803548744389e-12
ZNF91	6.51286081790001e-17	-0.387360629301908	0.744	0.713	1.7535226466114e-12
EWSR1	7.4318952367597e-17	-0.26341089047151	0.856	0.796	2.00096347354518e-12
PPAP2B	8.13901851435004e-17	-0.422336470966758	0.404	0.454	2.19134934480361e-12
CREBRF	8.2571525436213e-17	-0.354573278769996	0.597	0.603	2.2231557508446e-12
SMG1	8.40668739324926e-17	-0.34320895037349	0.8	0.755	2.26341651375843e-12
DDI2	8.60316291364073e-17	-0.300616243448722	0.653	0.648	2.31631558286863e-12
BRD4	1.17027053660617e-16	-0.272089431945256	0.784	0.742	3.15083639275845e-12
CD9	1.17248067393437e-16	-0.528190494602619	0.967	0.977	3.1567869665009e-12
RNPC3	1.34407525410932e-16	-0.286714277008682	0.641	0.638	3.61878821416394e-12
CAPN13	1.73957916606907e-16	0.27630094433447	0.716	0.507	4.68364294672437e-12
CANX	1.93382691242714e-16	-0.275816226954897	0.934	0.913	5.20663557901883e-12
LYPD3	1.94102080293957e-16	-0.60157751472473	0.313	0.39	5.22600440983449e-12
ARGLU1	2.09371069523886e-16	-0.296451904797955	0.917	0.852	5.63710667586112e-12
PARD3	2.47004288469261e-16	-0.278657724154764	0.553	0.566	6.65034346274639e-12
EPHA4	2.49495151595427e-16	-0.306743762090589	0.248	0.345	6.71740746155529e-12
BCL6	3.46939630611344e-16	-0.349922138616805	0.828	0.766	9.34100261457982e-12
RBL2	3.49572226963844e-16	-0.26956634389816	0.597	0.604	9.41188263877452e-12
RP11-349A22.5	3.55280400001788e-16	-0.310623854466812	0.698	0.665	9.56556948964813e-12
PHF3	3.76753376433508e-16	-0.330428624467743	0.82	0.783	1.01437079070958e-11
CCNL1	4.54443259843521e-16	-0.323140436260681	0.768	0.72	1.2235430328027e-11
AGL	8.01694166661106e-16	-0.387063237583755	0.637	0.628	2.15848137431836e-11
IL8	8.18498699257647e-16	0.724531904019103	0.203	0.08	2.20372589788129e-11
HNRNPR	8.88314721702e-16	-0.26531313916726	0.889	0.838	2.39169855671046e-11
ZCCHC11	8.98425699480347e-16	-0.330274908587238	0.586	0.599	2.41892135328089e-11
ZC3H6	1.17974898997942e-15	-0.329902796874015	0.492	0.515	3.17635618062058e-11
IRF2BP2	1.35076723327157e-15	-0.314346072479863	0.768	0.717	3.63680569886038e-11
GPR56	1.56772283661172e-15	-0.32890396623884	0.774	0.721	4.22093696529341e-11
PCLO	1.5861484052464e-15	-0.403057623224867	0.569	0.585	4.2705459662854e-11
SETX	1.69212011573169e-15	-0.365347036471773	0.712	0.673	4.555864199596e-11
ZNF326	1.81481565833069e-15	-0.355198581083122	0.859	0.801	4.88620967848954e-11
ERBB2	1.95110547088694e-15	-0.297433474454211	0.862	0.79	5.25315636981599e-11
RPS11	1.99174793615723e-15	-0.523849740158083	0.92	0.955	5.36258214330974e-11
ZMYM2	2.24755196213343e-15	-0.262576544273805	0.734	0.699	6.05130890284804e-11
GOLGA4	2.30777322037657e-15	-0.266068593218787	0.93	0.879	6.21344861854188e-11
CREBBP	2.60882230850359e-15	-0.288028867062384	0.657	0.637	7.02399318341506e-11
IER2	2.67975173942531e-15	-0.701280331216096	0.795	0.756	7.2149635832287e-11
SCGB3A1	3.01751685098797e-15	-2.69657555028409	0.248	0.352	8.1243623696e-11
PRDM2	3.8483205948169e-15	-0.305246365703722	0.6	0.599	1.0361218369485e-10
SMC5	5.45654919677295e-15	-0.311914696860749	0.761	0.737	1.46912130573915e-10
DHX9	6.2057141575585e-15	-0.289499462659707	0.753	0.718	1.67082647978105e-10
HSPA4L	7.22638691990729e-15	-0.336816878816239	0.243	0.325	1.94563241431584e-10
ITGA2	8.35805732370434e-15	-0.527849463252398	0.612	0.592	2.25032335383416e-10
RBM33	8.87270550368912e-15	-0.25290976678964	0.617	0.611	2.38888722981326e-10
PPP2R3A	9.41193278267974e-15	-0.268782388832535	0.341	0.415	2.53406878240869e-10
SULT1E1	9.44532847693473e-15	-0.314710804032442	0.151	0.242	2.54306023912991e-10
AKR1C1	9.97437461518126e-15	0.476580854864013	0.853	0.721	2.6855006213914e-10
ARHGAP21	1.01979474832025e-14	-0.334323447750822	0.673	0.639	2.74569538037743e-10
PRKDC	1.24241137024121e-14	-0.294275760417509	0.809	0.761	3.34506837323745e-10
ACAP2	1.29879645324154e-14	-0.327472537264652	0.851	0.775	3.49687957070752e-10
CES1	1.33058785817168e-14	-0.75827892480758	0.22	0.314	3.58247474934143e-10
MDM4	1.45922544071642e-14	-0.309941782739475	0.802	0.745	3.92881857658489e-10
ARID4B	1.65141372870615e-14	-0.254972496235398	0.849	0.783	4.44626632316844e-10
LTB4R	1.73659264350483e-14	-0.275667006385036	0.163	0.252	4.67560203337239e-10
RERE	2.03957982228283e-14	-0.275870019364086	0.805	0.761	5.49136471351429e-10
MAP3K2	2.04715092084285e-14	-0.273946670863206	0.803	0.762	5.5117491392773e-10
SP3	2.23824332481922e-14	-0.338128191520662	0.767	0.718	6.02624632774327e-10
CHD6	2.46707662277487e-14	-0.282308197377524	0.748	0.71	6.64235709915907e-10
MT3	3.08654000226462e-14	-0.348612567091854	0.125	0.21	8.31020030209726e-10
ZNF644	3.11543420027958e-14	-0.287971849763812	0.747	0.687	8.38799504083274e-10
NCL	3.23274589323808e-14	-0.313913502658471	0.919	0.928	8.70384504295422e-10
CHL1	3.38579974359288e-14	-0.310266209835964	0.85	0.77	9.11592722964947e-10
PVRL1	3.43358766584971e-14	-0.52881961433715	0.477	0.487	9.24459143153375e-10
SIX1	3.61665510661472e-14	-0.293694762557311	0.792	0.723	9.73748220904946e-10
KLHL24	5.08589328996131e-14	-0.325162233330029	0.727	0.68	1.36932590938918e-09
FAM84A	5.28963514138251e-14	-0.446438846437619	0.526	0.538	1.42418136546583e-09
MATR3	6.2185498162543e-14	-0.274949569584854	0.887	0.851	1.67428235252831e-09
GATAD1	7.23132802317395e-14	-0.277638366671339	0.683	0.641	1.94696275695935e-09
ZC3H13	7.29434300288404e-14	-0.322668743679098	0.756	0.703	1.9639289100965e-09
RPL23	7.92565700297725e-14	-0.501227425801786	0.946	0.959	2.1339038914816e-09
SNRNP70	8.25183387854796e-14	-0.275726676694058	0.865	0.801	2.22172375346025e-09
HNRNPU-AS1	9.03879292485922e-14	-0.267001150714974	0.343	0.411	2.4336046070891e-09
ID2	9.21988697789004e-14	-0.280631382856474	0.338	0.418	2.48236236992711e-09
NCOA4	1.01411695675926e-13	-0.319133287076166	0.872	0.82	2.73040849437863e-09
ARL4D	1.01978654873405e-13	-0.467570444924664	0.393	0.449	2.74567330381157e-09
USP34	1.05970676725535e-13	-0.289853182712343	0.846	0.785	2.8531545001583e-09
CDH1	1.13774503539076e-13	-0.269322130947335	0.883	0.834	3.06326473328607e-09
SIK1	1.21829103722208e-13	-0.253089132489554	0.322	0.401	3.28012678861673e-09
RICTOR	1.60673618497751e-13	-0.285380636144947	0.661	0.639	4.32597650443345e-09
RBM5	1.71636835450715e-13	-0.289881531671256	0.74	0.672	4.62115015767504e-09
PUM2	2.06884828585997e-13	-0.260814641786645	0.685	0.635	5.57016712484937e-09
CEBPD	2.39098820894595e-13	-0.367727441562998	0.896	0.865	6.43749665376608e-09
ELL2	2.67402120182677e-13	-0.274333474002733	0.806	0.737	7.19953468379839e-09
PNRC1	3.01938798695943e-13	-0.32308300836205	0.798	0.775	8.12940021608956e-09
ANKRD17	3.49648257947931e-13	-0.267086544469841	0.755	0.703	9.4139296969901e-09
CDK13	3.8626415434966e-13	-0.266350049208044	0.63	0.624	1.03997760917102e-08
RCOR3	4.20212220330941e-13	-0.259929072853082	0.545	0.548	1.13137938201902e-08
KIAA2026	4.20322827292978e-13	-0.302078754841538	0.669	0.628	1.13167718020362e-08
CSNK1E	4.25418963414032e-13	-0.265278450834711	0.772	0.708	1.14539801709594e-08
MPZL2	4.26742861033224e-13	-0.34335606650504	0.881	0.813	1.14896247904585e-08
ZFP36	4.32946183214159e-13	-0.52304794599469	0.679	0.655	1.1656643036858e-08
ARHGAP23	4.80673243416989e-13	-0.353017450160474	0.479	0.487	1.2941646405759e-08
PPP1R12A	5.64731505048857e-13	-0.293872620288451	0.745	0.682	1.52048310419354e-08
DNAJB14	6.12382188706513e-13	-0.30326439503235	0.744	0.686	1.64877780487342e-08
IKBKB	6.47608670538233e-13	-0.273574110092386	0.559	0.559	1.74362158455714e-08
SMEK1	8.85957470932091e-13	-0.290242114990247	0.785	0.715	2.38535189473756e-08
PTPRG	1.11457490257054e-12	-0.251147615677823	0.201	0.287	3.00088146768092e-08
RPS20	1.17091767939345e-12	-0.443116356572823	0.938	0.954	3.15257875999892e-08
CX3CL1	1.21973037431689e-12	-0.32480081647814	0.395	0.448	3.28400205981079e-08
ARRDC3	1.38814397447581e-12	-0.348280743930438	0.662	0.624	3.73743883687866e-08
LIMA1	1.63162186974318e-12	-0.281395986526709	0.932	0.901	4.39297872209654e-08
RP11-304L19.5	1.65541231965277e-12	-0.293171701352346	0.284	0.346	4.45703212943313e-08
UBTF	1.77429796114286e-12	-0.277212195106633	0.632	0.599	4.77711983058104e-08
OTX1	1.82427358291986e-12	-0.273339152623456	0.749	0.717	4.91167419465344e-08
SEMA5A	1.88865261980181e-12	-0.519593508098809	0.289	0.346	5.08500831355439e-08
ATXN1	1.90264111787401e-12	-0.260700178396261	0.248	0.32	5.12267094576398e-08
PRRC2B	1.95066670368631e-12	-0.280929886385014	0.744	0.697	5.25197503300502e-08
SMC3	2.05051779074605e-12	-0.317078000974753	0.718	0.658	5.52081409980465e-08
TCF4	2.14092529909358e-12	-0.45577018250947	0.553	0.541	5.76422727527957e-08
INADL	2.9426691851038e-12	-0.273148022162441	0.734	0.694	7.92284251397348e-08
H6PD	2.9985199050137e-12	-0.266987319238409	0.766	0.718	8.07321499225888e-08
MAP3K1	3.16834802894907e-12	-0.276255199239636	0.505	0.518	8.53046023314247e-08
WSB1	3.43078969746526e-12	-0.274441755632334	0.846	0.789	9.23705818145546e-08
EIF4B	3.50768503777993e-12	-0.288125821539718	0.844	0.779	9.44409119571868e-08
NF1	3.67942177898447e-12	-0.291673761068749	0.708	0.656	9.90647519773779e-08
PLEKHH1	3.83859583695981e-12	-0.260236329273864	0.599	0.611	1.03350354314306e-07
KRT24	3.97237086107423e-12	0.465163378202397	0.147	0.052	1.06952113063563e-07
SUSD4	4.00883583319296e-12	-0.260917845734175	0.219	0.293	1.07933895972887e-07
POLR2A	4.20668946036913e-12	-0.342762437537932	0.767	0.701	1.13260907030978e-07
SATB1	4.32685250548771e-12	-0.281713466089521	0.533	0.538	1.16496176857751e-07
SRSF2	5.74377871868234e-12	-0.266297457783008	0.847	0.782	1.54645498221803e-07
EHF	5.85214406291842e-12	-0.26208321309211	0.889	0.821	1.57563126750015e-07
BCL2L11	6.05390549841456e-12	-0.262166735253456	0.458	0.493	1.62995351639314e-07
RAPH1	6.21153305408444e-12	-0.292613972237936	0.568	0.58	1.67239315948169e-07
MSI2	6.33529351019508e-12	-0.252630207939096	0.866	0.796	1.70571442468492e-07
HUWE1	6.88198223137378e-12	-0.258133412491177	0.764	0.707	1.85290489597508e-07
MTSS1	6.99389219129886e-12	-0.340144925033459	0.255	0.318	1.8830355335853e-07
WDR26	7.87894714978108e-12	-0.285699663209696	0.67	0.627	2.12132773060706e-07
RHOBTB3	9.08233737389965e-12	-0.267486679188204	0.679	0.654	2.44532851454874e-07
AKAP9	9.40309843483815e-12	-0.273267942157809	0.93	0.88	2.53169022259582e-07
SENP6	9.45001676064284e-12	-0.275093500677967	0.721	0.67	2.54432251263548e-07
KRT13	1.17709762466069e-11	-0.773244063087343	0.141	0.223	3.16921764463645e-07
KAT6A	1.49389835512491e-11	-0.254809012014961	0.584	0.563	4.0221719313383e-07
B3GALT5	1.53660691083931e-11	-0.333828841451891	0.487	0.518	4.13716044674376e-07
HMGB1	1.62773355414091e-11	-0.343693629344716	0.97	0.983	4.38250982116899e-07
PRKX	1.71520493240103e-11	-0.284760128884357	0.288	0.348	4.61801775999652e-07
UBR5	1.8972454633216e-11	-0.279900547516863	0.735	0.69	5.10814368544708e-07
RUFY3	2.15101593202614e-11	-0.253072612835046	0.567	0.563	5.79139529538718e-07
BDP1	2.42799173920894e-11	-0.266623560545449	0.726	0.687	6.53712495864614e-07
PCP4L1	3.04961126980732e-11	-0.408521988915453	0.25	0.317	8.21077338282923e-07
PHC3	3.12339374285956e-11	-0.296788399537678	0.602	0.587	8.40942531327508e-07
REV1	3.19791078023599e-11	-0.289090604656566	0.585	0.566	8.61005498470738e-07
SLK	3.6377494754884e-11	-0.262790689388754	0.903	0.854	9.79427668780496e-07
NFE2L1	3.80449443405942e-11	-0.281678637059724	0.716	0.663	1.02432208142616e-06
HNRNPA1	3.89640661335486e-11	-0.345818847852039	0.917	0.897	1.04906851657966e-06
MMP14	4.09877392031e-11	-0.315441892042751	0.646	0.627	1.10355389030426e-06
ARHGAP24	4.27653417038316e-11	-0.333811734818872	0.431	0.458	1.15141406003396e-06
NFKBIA	4.3709846718276e-11	0.30977487233951	0.71	0.569	1.17684391304286e-06
NFIA	4.48284876065625e-11	-0.292252876632926	0.829	0.762	1.20696220031909e-06
UTRN	5.30257214540643e-11	-0.280919860866213	0.595	0.577	1.42766452442923e-06
WNK1	6.11427238131629e-11	-0.260491945176198	0.748	0.685	1.6462066959456e-06
PER3	6.15729505575829e-11	-0.363555149263107	0.55	0.549	1.65779012081236e-06
SHISA5	6.26932727723495e-11	-0.461992116913265	0.744	0.666	1.68795367612274e-06
PALLD	6.49148284619566e-11	-0.371820333363561	0.731	0.665	1.74776684150972e-06
MIS18BP1	7.45535876920589e-11	-0.269460475502777	0.679	0.648	2.00728079502099e-06
DMTF1	8.35805183984457e-11	-0.273958579788778	0.356	0.401	2.25032187735975e-06
TRIM24	9.32559657006378e-11	-0.31904375354658	0.58	0.545	2.51082362052397e-06
S100A8	1.06369585171327e-10	0.550105796666687	0.222	0.358	2.86389471115281e-06
RHOB	1.09666062355273e-10	-0.549488137590034	0.487	0.479	2.95264906285338e-06
SMARCA2	1.27325307262702e-10	-0.306778275687739	0.777	0.714	3.42810657274098e-06
TIA1	1.64867109875406e-10	-0.25376302697249	0.689	0.651	4.43888206628544e-06
OXR1	1.82024808608966e-10	-0.276085916197152	0.744	0.679	4.90083594698779e-06
RPL7	1.90905933311811e-10	-0.571500147084	0.941	0.938	5.13995134848719e-06
VPS13A	2.09873808051407e-10	-0.302104433480834	0.719	0.682	5.65064240797607e-06
PIK3IP1	2.26230376498464e-10	-0.277665366999579	0.715	0.677	6.09102665684465e-06
CCAR1	2.40795852665559e-10	-0.27991829455398	0.799	0.744	6.4831875371675e-06
CHD7	2.4212821863534e-10	-0.258179113310007	0.457	0.482	6.51906015853789e-06
RORA	2.60731223301739e-10	-0.313080645141233	0.607	0.582	7.01992745617603e-06
RBM26	2.8333037176066e-10	-0.255906177180264	0.667	0.615	7.628386929284e-06
SERPINB4	2.88369452388425e-10	-1.13366042117555	0.426	0.455	7.76405913610596e-06
EIF3L	3.28244008576804e-10	-0.383789820353423	0.77	0.683	8.83764168692186e-06
RGS12	3.90200484067135e-10	-0.311230609546217	0.514	0.496	1.05057578330236e-05
ATP2B4	4.19425123586534e-10	-0.45177523619218	0.471	0.462	1.12926020274438e-05
CMYA5	4.56303877378242e-10	-0.416006303425459	0.532	0.534	1.22855255945318e-05
JPX	5.04759474584682e-10	-0.251227245030547	0.568	0.539	1.3590144093718e-05
POLR2B	5.05558887285119e-10	-0.258876966149623	0.751	0.693	1.36116674812646e-05
TAF15	8.68243960607655e-10	-0.271337370248134	0.723	0.663	2.33766003954005e-05
SERINC3	8.98867517247346e-10	-0.260435979641906	0.831	0.766	2.42011090343676e-05
MT1X	9.76429544648815e-10	-1.50084012274588	0.668	0.614	2.62893890601247e-05
FAM214A	1.08633264207618e-09	-0.283881414222896	0.783	0.697	2.92484200552592e-05
PRKAR1A	1.2104739091633e-09	-0.252845175507392	0.859	0.783	3.25907995303128e-05
CLU	1.36008135520946e-09	-0.598284443379451	0.895	0.749	3.66188304076594e-05
KAT6B	1.42624385979747e-09	-0.332086286258297	0.645	0.603	3.84001896811872e-05
IRF6	1.57777845251463e-09	-0.341466681791795	0.509	0.492	4.2480107055504e-05
TOB1	1.67841086158109e-09	-0.28720170513752	0.869	0.758	4.51895340372093e-05
ANKLE2	1.77447624772324e-09	-0.264637396954994	0.714	0.656	4.77759984937006e-05
PCF11	1.80488649613522e-09	-0.274504702438399	0.508	0.5	4.85947640219447e-05
DUSP1	1.95473333788824e-09	-0.505925699800689	0.582	0.596	5.2629240389303e-05
RSF1	2.07296681040062e-09	-0.272657116156591	0.821	0.742	5.58125584032263e-05
DCAF5	2.15248619708549e-09	-0.260587560557194	0.58	0.548	5.79535383703297e-05
CYP4X1	2.28275007723825e-09	-0.254465586947312	0.513	0.515	6.14607630795625e-05
SNCG	2.35796260319367e-09	0.357456501192492	0.376	0.258	6.34857851283863e-05
PIP	2.56219821216933e-09	-0.44060995690523	0.387	0.221	6.89846246644471e-05
HNRNPH3	2.67508263328133e-09	-0.283933838554569	0.765	0.682	7.20239248184665e-05
TET2	3.05525744034506e-09	-0.300699657847632	0.841	0.789	8.22597513238505e-05
ROCK1	3.0615180049285e-09	-0.262412576876727	0.731	0.663	8.24283107646949e-05
HCG18	3.5124714445319e-09	-0.258210272263203	0.52	0.518	9.4569781172577e-05
FAM129A	4.42262270668101e-09	-0.28205313112444	0.775	0.724	0.00011907469375468
CHD3	4.87526058853154e-09	-0.250507134262964	0.825	0.746	0.000131261516085623
SMAD5	4.91854889231651e-09	-0.262906011829814	0.737	0.672	0.00013242701037673
RPS2	5.90951750129157e-09	-0.687806202937385	0.912	0.972	0.000159107849204774
GEN1	5.96957672408604e-09	-0.261791992239511	0.235	0.296	0.000160724883719293
TANC2	6.19735599570743e-09	-0.30006358804147	0.608	0.586	0.000166857612828427
NBPF1	6.42607412938905e-09	-0.253659211634186	0.526	0.51	0.000173015619859671
ARID5B	7.47820463195838e-09	-0.302409983519373	0.741	0.706	0.000201343181510847
SERINC1	7.70055399840441e-09	-0.289790777125856	0.786	0.706	0.00020732971585304
LAMA5	7.76104582696556e-09	-0.31205850716208	0.626	0.568	0.000208958397845221
HIPK3	8.95241455185205e-09	-0.261810855800464	0.571	0.545	0.000241034809394065
ENO1	1.01580865707012e-08	-0.283537444905557	0.897	0.87	0.000273496322829559
RTN4	1.03177548765574e-08	-0.266251068892274	0.907	0.859	0.000277795232296432
MYOF	1.22869163539593e-08	-0.275837866475801	0.908	0.876	0.000330812935914001
EIF1AX	1.28912409132743e-08	-0.320132296192342	0.833	0.735	0.000347083770348996
AGO3	1.47888313864521e-08	-0.257397230846196	0.544	0.53	0.000398174496248837
ADAM28	1.50239241702655e-08	-0.376139125203966	0.871	0.801	0.000404504134360228
PCDH20	1.53715735714025e-08	-0.269564359102491	0.24	0.3	0.00041386424683644
STX6	1.75297952661864e-08	-0.300547024881714	0.403	0.414	0.000471972207746803
SLITRK6	1.94867396570781e-08	-0.373442731309412	0.441	0.449	0.000524660978527169
SORL1	2.18166581389577e-08	-0.276745219347507	0.826	0.752	0.000587391703733298
ABI2	3.07103801041701e-08	-0.281303969609289	0.623	0.572	0.000826846273924677
DUOX1	5.4482999039777e-08	-0.306240705035189	0.573	0.528	0.00146690026614696
PLXNB1	5.54439435074789e-08	-0.262675940631928	0.484	0.472	0.00149277273499536
AHSA2	6.67120115869922e-08	-0.259159357883375	0.547	0.53	0.00179615419996818
GOLGA8A	8.17581804781646e-08	-0.308295597798022	0.695	0.651	0.0022012572511941
ENAH	9.30533381335036e-08	-0.260727078123827	0.744	0.676	0.00250536807590645
DDIT4	9.39287304620905e-08	-0.427420648935109	0.723	0.692	0.00252893713896132
TMTC3	1.1050226072017e-07	-0.284089157297283	0.632	0.58	0.00297516286762985
PVRL4	1.17506642874525e-07	-0.250349911056885	0.81	0.741	0.00316374885275372
ARAP2	1.23495471146075e-07	-0.25784130431244	0.68	0.621	0.00332499206513692
KDM6A	1.33056493716749e-07	-0.251343137414401	0.432	0.442	0.00358241303682976
ETS2	2.21639007822754e-07	-0.270456499609072	0.721	0.648	0.00596740864661982
FOXC1	2.4782503070232e-07	-0.323650490050644	0.433	0.439	0.00667244112662928
BAG3	2.81482353874818e-07	-0.307580520267704	0.55	0.501	0.00757863089572561
SMC1A	3.12095271111409e-07	-0.271097386457919	0.638	0.583	0.00840285307940357
ABCA13	3.73584489013285e-07	-0.380616593924952	0.925	0.842	0.0100583887821937
RCBTB1	3.84979949698694e-07	-0.279770173403765	0.363	0.386	0.0103652001656877
SUPT16H	5.29595574370107e-07	-0.268214718087436	0.755	0.658	0.0142588312443408
GPC1	6.987225470006e-07	-0.283992417409177	0.594	0.545	0.0188124058554442
NTS	7.58873113276633e-07	0.315381900387031	0.589	0.49	0.0204318997018601
BPIFA1	8.4126390723559e-07	-0.396483938075296	0.401	0.48	0.022650189438411
UBN2	8.52633083531154e-07	-0.261524407258721	0.548	0.514	0.0229562931409928
PLTP	1.0668869602859e-06	-0.278712272940327	0.225	0.268	0.0287248645187375
ALDH7A1	1.222661861568e-06	-0.377226055261969	0.399	0.392	0.0329189479608569
SH3PXD2A	1.28166422207518e-06	-0.262088769695495	0.692	0.625	0.0345075275151522
DNAJB1	1.35388975587797e-06	-0.43510929561532	0.751	0.631	0.0364521277872584
RNF168	1.36483527209818e-06	-0.254514043330035	0.44	0.432	0.0367468248659715
S100A10	1.38075463432586e-06	0.428352365618683	0.806	0.769	0.0371754377745894
SMARCC1	2.31239453934481e-06	-0.255125379130742	0.768	0.701	0.0622589105773195
TMPRSS11D	2.7228616010321e-06	-0.323850930292953	0.45	0.434	0.0733103257461882
EEF2	2.80746134511382e-06	-0.330270038273111	0.938	0.896	0.0755880892558444
LAMB2	2.82694986897441e-06	-0.299546358741331	0.381	0.397	0.0761127982722671
PRNP	3.02612636907666e-06	-0.348693488538887	0.498	0.466	0.0814754263610201
HMGB2	3.3116691841515e-06	-0.340209970993828	0.382	0.386	0.089163381114095
SESTD1	4.66803980994283e-06	-0.276524874990645	0.685	0.613	0.125682303842901
S100A9	5.06185951742525e-06	0.479036762189717	0.589	0.799	0.136285505647157
PPL	6.3637555579741e-06	-0.277955065232795	0.793	0.721	0.171337754642895
MYO6	8.47639318471834e-06	-0.272340564753158	0.88	0.803	0.228218410105357
SNCA	1.16162664190403e-05	-0.307775095444405	0.256	0.287	0.312756357066241
DENND2C	1.2748320880527e-05	-0.255539137086047	0.583	0.537	0.343235791387308
STON2	1.29574247209324e-05	-0.268113828504151	0.322	0.344	0.348865703186385
MGLL	1.42822111588957e-05	-0.342555564681133	0.408	0.4	0.384534253242109
LARS	1.82794462573026e-05	-0.256399345470468	0.756	0.665	0.492155811031615
EFNA1	1.91202738694728e-05	-0.260306266190734	0.533	0.501	0.514794253661685
G3BP1	2.00250153883963e-05	-0.269856882920785	0.815	0.72	0.539153514317181
TPM4	2.23310147523475e-05	-0.400860350839108	0.909	0.848	0.601240241192205
CASK	2.56107117275747e-05	-0.251704691705681	0.528	0.489	0.68954280255322
SCGB1A1	2.89085548267907e-05	-1.37413543183295	0.367	0.269	0.778333930156513
GIGYF2	3.50093371504837e-05	-0.263622172876672	0.684	0.601	0.942591393439622
GPNMB	4.69241662974269e-05	-0.362794199792444	0.381	0.376	1
KRT15	5.66577923722312e-05	-0.52801052233649	0.471	0.434	1
LTBP4	6.52751367658311e-05	-0.257479821563464	0.493	0.454	1
EEA1	9.84454815910932e-05	-0.258828956443658	0.75	0.656	1
RPS6	0.000106555211975253	-0.509084571899011	0.954	0.975	1
VPS36	0.000124042801462675	-0.309366676067689	0.728	0.625	1
SERPINB3	0.000124724775079469	-0.56929613334162	0.823	0.775	1
FLOT2	0.000125544517471106	-0.294968857707393	0.474	0.434	1
AKR1C2	0.000127263256766957	0.323140013608732	0.93	0.852	1
BAZ1B	0.00012900056253957	-0.308196802994098	0.668	0.586	1
RPL3	0.000136902766272462	-0.645247169289877	0.95	0.965	1
EPB41L4A-AS1	0.000205948935136584	-0.291689737206701	0.58	0.503	1
SEPT7	0.000229233757707145	-0.266009113238322	0.879	0.824	1
FAM213A	0.000248119341825244	-0.362429099132152	0.666	0.568	1
IGFBP4	0.000263635952327243	-0.28268946101473	0.426	0.413	1
IL20RB	0.000397034896939162	-0.250681954520985	0.362	0.355	1
KPNB1	0.000416748508659603	-0.261583097583036	0.852	0.765	1
SLC26A4	0.000431340572110063	-0.468792513555201	0.46	0.323	1
RPS18	0.000453794645135938	-0.616737323163618	0.966	0.985	1
SLC6A8	0.000454612106057483	-0.418476101238872	0.447	0.414	1
KCNQ1OT1	0.000756282509354494	-0.295888546640567	0.575	0.546	1
LSG1	0.00150524027463818	-0.256449027456783	0.574	0.504	1
SERPINF1	0.00155500531983703	-0.378867943579215	0.462	0.42	1
PPP1R15A	0.0017275515052998	-0.464126235935855	0.455	0.425	1
GABRE	0.00221244004533399	-0.270067096009069	0.473	0.446	1
RPL5	0.00241510870584061	-0.42411466323803	0.952	0.952	1
GNB2L1	0.00276272431731751	-0.390838014209826	0.946	0.948	1
MSMB	0.00342742168191016	0.832182264351151	0.623	0.708	1
FOSB	0.00501055857516466	-0.530444687161213	0.345	0.345	1
RPLP1	0.00550823856237137	-0.447103093160155	0.967	0.992	1
C6orf48	0.00718541670959302	-0.305909898373183	0.43	0.376	1
CPEB4	0.00797976968004855	-0.26105579397474	0.8	0.683	1
CES2	0.00824918780714874	-0.264148239158661	0.491	0.424	1
RPS3A	0.0134637774796488	-0.523088566285638	0.928	0.963	1
APPL1	0.0155801307406504	-0.250353318379452	0.687	0.577	1
STATH	0.0197488893065283	-1.90052871687076	0.219	0.23	1
RPL15	0.0438729356072144	-0.305963079748056	0.944	0.972	1
ANKRD36	0.0572942065580306	-0.297997417483433	0.749	0.613	1
SFN	0.0631268211851788	-0.354435769738413	0.787	0.646	1
RPL29	0.0659895667528305	-0.338200474329049	0.933	0.969	1
DAPL1	0.0755986066633441	-0.384671654801157	0.676	0.538	1
RPS5	0.0762898481121019	-0.375353973933045	0.878	0.894	1
RPL27A	0.0950976535061068	-0.280321372218797	0.952	0.973	1
RPL10A	0.181362498380439	-0.453647462119513	0.931	0.939	1
RPL13	0.195567830991583	-0.401901337916613	0.955	0.987	1
FTL	0.202287493004928	0.44559066608478	0.724	0.963	1
RPL6	0.20978853558445	-0.327982037121682	0.951	0.973	1
MIR24-2	0.210659335967281	-0.256378992395312	0.233	0.227	1
ARL4A	0.213399261192708	-0.300172243996959	0.773	0.637	1
NACA	0.215645326222532	-0.270277173168858	0.943	0.965	1
CLEC2B	0.274884806010303	-0.258087867910756	0.724	0.617	1
HLA-DQA1	0.558512118284057	-0.269376713411013	0.284	0.266	1
RPL11	0.581707536726846	-0.311415429436575	0.946	0.98	1
RPL12	0.743403606262074	-0.365243820414461	0.94	0.958	1
RPL7A	0.782918288687046	-0.37745728876519	0.945	0.962	1
RPS14	0.961497348712846	-0.300862129166254	0.951	0.982	1
ST8SIA4	0.97368517126279	-0.353414752058245	0.559	0.445	1
CNKSR3	0.978421238204162	-0.261904898007407	0.573	0.469	1
